1915545
2678
1842
13136
4353
8418
5968
493
6222
13194
2965
5490
2734
13639
3984
6552
2054
51
6711
6223
9378
12816
9480
8102
3256
13563
7705
8622
4826
10350
7810
6343
11187
9390
8828
5158
2144
13053
11123
1120
2184
4241
14042
9540
5623
3109
422
10199
8113
4265
12671
8736
2515
13255
15074
7006
12219
11122
10202
12529
14984
7490
5221
15064
2165
12309
7641
4689
5709
2593
4331
9054
2107
3683
8936
10534
10660
7637
6980
1436
2811
15073
10419
14249
8611
7643
1397
8987
1475
6542
4200
8154
7880
11
14289
15027
2595
9033
3116
2667
10498
4801
14704
13367
3415
14092
4810
12946
8449
6860
7439
10530
6904
14511
485
8657
14504
11903
11163
1440
4818
8074
9524
14867
986
228
8136
1645
4036
1588
1156
6804
130
3791
13185
951
9900
8676
10398
3316
11205
1438
7873
4798
1092
10537
3424
8008
10689
5570
2453
1761
7893
4817
3364
6707
5028
12686
10078
10416
10118
13043
8488
5808
4228
12205
15071
6833
7180
10512
7121
5831
1786
14697
7145
8982
7046
15066
5828
7565
4168
14212
11865
581
12149
13213
10467
3725
8830
1310
4489
14736
6290
292
8910
1380
10664
8247
10973
8670
11718
13197
13262
11515
13135
11174
7908
14926
11062
2179
4211
14175
2163
10638
4297
8724
10050
10361
7179
10227
7253
9026
13070
8785
13920
8975
9329
2642
6869
912
3714
11318
14993
3715
3677
6967
4306
2910
4535
4039
2161
2647
14705
2900
8133
10301
14474
7906
2668
14381
2598
4130
1620
7796
991
15067
13123
14553
5463
73
5366
984
6879
8220
4773
5557
14209
14424
430
3644
2773
8408
4641
6752
4107
11620
330
4899
10732
5790
7915
9191
15079
2689
2775
14844
2467
7918
8565
14896
13345
4776
6983
14823
542
401
4677
8508
10984
10543
7733
8414
3630
5634
10591
7732
11708
3117
10031
6823
2134
10956
117
12781
1634
11157
2424
11362
8852
12861
8108
13173
10662
6053
1625
1982
2789
15002
2187
6978
6843
13700
14706
9985
10647
4410
15077
6316
2017
11763
10358
7143
11753
11200
7913
11608
7513
12561
10831
700
7842
12433
7048
524
10494
14698
850
2581
12564
12867
11732
12422
13051
895
12641
13258
15103
938
2600
15084
3480
5529
11795
9896
2790
403
2579
5612
10547
13355
1893
13424
3418
1460
13811
625
10496
11929
7831
3727
11381
8876
1741
12485
3509
8325
7795
11504
368
11462
8101
1810
4323
2196
3811
2206
3846
1580
13844
14841
13413
4118
8010
2091
2781
8006
8029
10642
9095
12849
2080
2086
7360
2578
12523
10299
9517
7775
4358
11625
4379
10960
8650
13292
10711
1769
7050
10334
10497
203
9151
7612
9091
14667
4601
4539
7192
7299
11788
7094
6472
6282
2726
4335
11078
1771
3658
9873
8145
5038
7930
4593
12157
13119
13246
8804
6381
11950
13087
8645
3859
11693
6930
14490
9416
14988
2997
12051
14302
4361
9096
3245
4841
14788
11392
5533
5425
2931
10235
3649
1820
14066
14319
4103
12850
6873
5840
1516
1919
13877
3901
3900
10821
15028
7754
6348
6595
5948
11968
907
13311
9155
3808
10750
647
9087
7459
194
10233
1663
5107
8697
12554
5157
12553
8253
7017
10857
10287
4639
14688
1978
6521
4572
8869
12862
10510
2653
4933
4402
10109
1140
14924
12306
14975
6336
3723
2311
1245
1363
7001
4277
14792
7275
206
11055
12835
2265
14247
2488
4188
7835
88
7815
4276
13044
6999
1579
913
14987
10981
7186
8502
11875
9883
4628
4279
11598
10250
2725
9114
8862
8652
2292
11706
11079
10408
15019
13714
3039
2475
8660
6901
13327
10010
731
5436
4236
1525
12288
11692
476
709
2762
6212
4518
4577
4865
12744
1747
2180
14220
10744
12865
9335
7568
12165
14456
1774
4602
3796
1739
6604
2137
4610
6739
12572
7582
13466
13301
6459
4890
14080
7853
3731
7649
12868
15061
5989
11463
8442
6717
7840
14831
12527
7277
3835
8056
6753
2141
13202
4685
4165
1332
12897
3686
14502
10461
2977
4327
13248
10293
2420
7139
2360
11291
9079
4470
10551
11075
11837
1642
1768
10645
8320
5799
3580
10526
1776
8725
9534
993
14873
13972
11219
13674
1431
4186
1932
15040
6458
6337
8903
4008
1755
11358
14891
2393
11760
6857
15053
13666
1971
10486
2594
8595
8666
1446
12648
4812
14869
8209
14853
10792
6263
11680
6262
4508
3477
2406
1059
9489
10138
4143
7189
11077
5834
12870
4393
3719
12663
13375
14921
8662
15007
1936
14790
1208
4073
7995
5852
8722
6971
6935
8473
4873
10176
10695
8149
2834
804
6721
2256
5848
5480
4636
30
4945
4558
13595
5608
8517
11525
6267
14777
4193
8798
2164
3438
15003
7968
5350
9485
2428
1998
10799
10302
11700
11652
11220
360
14237
2656
2210
2033
13410
11530
8158
13009
1270
2155
13447
11092
1311
10140
4896
14967
6094
10137
6518
1123
11994
11703
8054
14557
14654
13688
6345
10599
8955
8706
6153
1904
2253
6032
961
2390
4528
1456
1875
14198
5280
8599
7442
1243
12761
5188
12597
4979
11978
3523
13010
12832
5804
9182
416
6845
14850
6400
13986
4880
12002
14681
14024
12289
3476
12647
9048
1918
3885
811
8905
4416
767
10728
4296
4853
5822
12502
14783
12878
7257
13613
6247
5241
9535
4198
972
1675
6990
792
4261
11976
2606
13614
12029
7284
4655
6835
5949
7081
6731
10974
6802
6519
13649
7837
13383
13672
4822
678
7588
10612
14272
924
14242
7763
3416
2576
8516
6954
2812
13931
4311
1124
543
7856
11570
6238
2993
4645
6754
5631
6081
12126
274
11966
5778
11528
11529
10019
3282
754
11121
4457
11743
11705
13440
12716
6710
11628
697
13728
12573
13412
5997
6213
6870
3881
1022
3330
14442
3187
14305
6369
14581
6366
9146
5809
769
6248
917
5847
382
14605
6251
687
14980
9150
7110
1066
5917
6968
1300
1963
8556
4147
1536
6766
5314
13162
6709
12023
398
15004
9253
5749
7994
1752
7131
11294
3546
12017
2572
5855
3884
12231
7855
6477
5414
147
11695
14992
12172
1712
6250
12333
10180
2307
6912
14265
7301
9187
2612
6123
11105
6867
11217
7285
6227
12669
1808
13384
1035
2958
11588
10007
2095
14011
6178
4120
11204
8417
13754
7605
2199
13635
12336
1661
14737
2398
14669
10926
12291
5271
11250
14589
13634
5542
2356
2319
15017
13432
4091
935
6268
6141
2259
13403
11982
5743
809
13710
12473
5121
1934
13970
14781
3680
10651
12944
12945
6953
10942
10594
2604
12238
3380
3000
7899
3951
725
1480
9499
14045
14018
9877
1912
1720
4426
2306
13631
4650
14751
13026
14393
6254
836
13203
10147
11401
8581
8580
11473
12459
6261
6275
15041
6883
2707
1566
11351
7694
13963
10465
1009
2099
13632
8214
14067
4462
1432
3535
3337
6488
10659
966
921
5705
3304
5737
12088
904
826
160
10046
3015
13459
3281
1688
6201
249
3136
878
9568
1583
2982
9861
14215
6749
2665
5786
9424
6176
8430
14053
9162
5044
11594
1951
14429
13577
12943
13823
11021
14063
4456
8239
5390
8230
8791
14062
13477
3011
14805
892
523
5079
4927
47
10103
11769
3008
3010
2536
349
6072
470
464
12879
11574
6747
5041
5147
14065
11148
5272
2554
14047
5234
3903
3737
11623
8942
3789
14545
14591
7919
5267
12645
9268
6101
1090
9497
7492
10418
538
1218
14726
6803
7914
14438
10505
7571
10191
4543
10363
13304
4219
12869
189
911
11621
955
6095
14894
4028
5325
10421
13737
5273
3047
14738
1582
10026
11324
3436
3906
7904
10595
814
9044
12666
124
4177
7504
748
3700
4549
8681
2050
6875
567
11597
14723
8455
14430
7441
2673
1604
11960
5585
172
8693
6370
437
11967
11094
6076
1596
11072
12748
699
510
4272
5086
5465
14562
1216
7620
12665
1905
5504
11156
12758
11346
13454
13992
13130
13221
14440
235
13329
171
3738
12855
12417
4888
2123
1324
6038
11376
3061
6952
3068
11721
1657
11545
15107
11019
11393
9750
11252
12322
2788
2896
14070
1689
5901
1288
4687
9304
5248
1979
1111
4070
13738
2443
11396
9433
4046
1723
6683
5226
6767
1719
1272
6382
7128
5577
3550
1110
6386
8122
11975
1264
13141
13415
12728
2038
8308
11617
3661
11241
11446
402
6651
3730
5803
9099
14678
10939
5322
3973
13770
7235
1970
1194
12890
3005
8844
3454
9670
9380
9981
6404
7472
3533
8866
5491
4709
245
11986
278
15020
13879
5428
14428
2885
450
6105
620
8501
8949
4413
2036
758
3301
1974
14009
10935
4369
1498
13434
3143
12062
4892
14041
12193
4399
13948
385
8747
6147
9125
12938
4962
1312
429
12350
2315
6581
9290
10901
5581
11835
14620
13291
2621
9476
4513
12406
4287
3959
4759
8956
12585
11374
6077
3028
6660
13943
11130
2945
151
3075
10043
14682
1485
8291
2697
10819
11183
8831
13390
13126
7725
4249
569
1442
10610
2177
885
155
6914
5957
8584
11338
12460
5419
10170
9886
7460
4415
14825
1925
3950
10203
2620
6940
9795
2767
5515
8674
4124
3726
14505
1437
4691
8441
9696
12421
13538
12110
2048
2564
9849
13540
6524
7735
4529
12980
2968
1717
2489
787
11112
13328
5212
13071
8585
5328
3293
10923
13072
3977
335
11375
9768
13521
14934
11810
2683
7443
2122
6655
7009
3354
14181
13458
1170
5327
2694
11169
3186
11849
6789
4748
9299
8728
13073
9013
7663
5680
7078
12103
1328
11336
211
13145
13023
7086
5795
13254
13210
1033
13364
4940
8376
6828
8691
1973
7846
3233
14570
9429
6564
13673
4766
6794
13417
2898
4787
11811
179
9541
8627
12156
12836
11073
5253
5432
14299
12852
10064
5507
4885
14195
13939
4510
11071
1924
3359
4355
5369
9964
5402
9709
5238
1750
3317
13416
592
11345
971
4252
12202
4884
9657
9372
3776
1239
6608
6417
11702
7698
2411
11736
929
4767
10048
554
11251
10721
7993
11316
5127
3393
8217
4947
9952
3087
6797
4770
6921
3782
9991
12562
13717
6772
4692
7096
2074
14085
2231
7715
11482
14725
7164
12950
14132
3345
10691
1078
9259
13690
8287
9967
10083
5995
759
5287
6799
4772
7782
9060
9774
9438
2078
11372
14526
9523
3930
6913
10702
2865
9465
9828
3567
13572
14405
8335
15062
10274
9441
387
9786
5501
11999
6809
5487
12788
6979
5029
9156
4329
7909
4434
10469
8994
13129
1959
5559
2776
5033
12308
5788
10760
8495
14387
11124
13170
3637
2692
2695
13054
13050
4761
11154
11675
122
1158
13845
1381
1512
8715
11782
5484
610
14184
13057
11120
59
2200
12435
5660
1143
10866
4718
7032
12057
11198
1630
5568
5481
10389
13306
4018
13184
11260
7820
3913
1656
11383
10114
10457
9539
7910
14501
2771
294
4253
2584
8109
8984
6512
12547
10808
9224
6353
12807
4777
8988
6846
10436
4795
4493
334
248
13309
9032
4520
4678
3360
4162
752
1895
622
5946
3612
3633
4476
3780
983
3297
9231
14923
1569
13183
5173
3571
13296
7595
4064
14985
14571
14489
9536
2961
8656
7599
14929
4300
10379
2966
14995
4257
2806
13850
3784
7431
6315
9456
7432
6225
10727
8964
3978
9396
12986
7000
4208
305
2662
13166
14764
9477
6504
1628
7414
2098
10843
3409
7408
5841
9732
14837
9241
2131
14658
6984
8252
13052
2032
2149
3889
498
10058
7197
6164
4058
2560
3605
9417
9730
7761
1664
9475
3361
3554
8829
11477
11930
12250
11293
8774
4843
2959
7136
13859
5706
910
12137
5916
283
7400
3255
1406
13016
12676
5155
4038
116
436
11479
8591
14982
12780
9608
6988
6944
1705
8937
9685
10009
11132
9046
3559
10514
13056
2850
8977
7714
12108
2213
10896
13018
3251
3602
6947
304
8649
11091
5482
3257
5704
4474
421
2563
1448
1003
11774
10134
5030
8654
2225
3368
1399
11030
7448
11957
8457
6623
9772
3844
3210
4805
6782
7399
4736
9788
2624
13726
14979
8634
9443
7874
7664
10876
3584
10376
14828
1470
4840
1593
7702
11681
506
4829
3228
5423
14684
13865
7199
5863
11649
4517
2562
14177
3027
6800
4351
15072
11804
13019
4093
3125
14012
4839
932
4848
10715
8250
9789
11670
13944
12245
11791
2615
5472
11964
14449
9265
3412
14765
3952
5614
4774
7542
8229
11110
9415
5049
10259
2566
5300
11612
3711
2679
2147
2090
9209
12254
2449
2452
11326
9950
1371
374
15045
10374
7227
10917
11377
11596
12685
425
4856
6962
6295
11825
9448
4788
8346
12860
8587
4094
366
3781
2222
2194
712
9126
2218
5096
9847
13082
11113
1708
6301
3249
376
1085
10383
3247
12117
1101
7546
1395
120
15075
7833
11877
7404
14503
4981
15070
5154
13168
1171
54
7943
11785
488
14491
14178
14461
12382
2220
2223
6631
11606
7717
5162
7737
6062
2055
1338
2973
12498
14506
2112
8780
13020
5092
8909
4827
9322
14275
7055
418
11730
11945
4929
5486
1711
14722
8258
8849
6851
0
3254
14301
7382
10755
571
12445
8841
586
50
7697
8231
13542
13224
13223
7998
2778
13161
8363
13182
15042
301
9173
4725
1026
13335
9727
10983
10773
495
3076
909
3429
12027
2975
7667
10367
11206
12617
9661
715
12904
11979
11322
14295
11870
11418
11151
14499
10179
13863
13331
5163
14193
11879
11331
13504
10851
8939
3764
6352
1852
9258
11915
4373
10982
8733
9080
7809
7537
1789
2181
3121
4274
2185
5864
13320
4483
6779
10880
5469
5386
11439
6292
8721
6299
12745
11916
3774
427
1106
2862
10173
13522
8399
12990
6507
11872
7699
11136
11218
6905
6868
7245
12854
8555
13005
10338
9266
11147
14148
3958
4816
2768
1384
10062
11485
3905
14423
5345
13362
3451
5753
2603
9722
12115
6646
8278
11201
14859
13361
8950
1639
2871
9301
10567
8398
3489
13982
14335
14746
8461
5696
484
4705
612
5447
13281
2976
7829
4175
4173
8602
11192
5020
3386
12567
2540
942
4522
6871
2962
13157
5418
7719
13590
964
3022
3092
13515
9735
11107
9115
6314
13765
14694
856
3024
5421
12939
5473
14531
9576
10044
12795
8447
9818
13490
5575
11167
5890
14819
11456
4679
12972
11069
5376
3986
13707
5367
5918
11134
8327
3043
12871
7624
10273
5595
2835
10985
14937
11308
900
12398
12872
11773
14369
4339
12134
8298
2026
10265
2848
10951
4022
10784
10741
862
1714
6541
5059
766
4918
8456
7887
11713
14908
2837
12598
6197
13517
12331
14030
12577
6943
501
5321
13509
14471
2847
10499
6641
14123
2936
2075
241
5056
5649
12888
10246
3684
12661
13927
7882
10511
9649
10753
2872
2042
11935
2006
13663
9695
1281
7545
12778
3126
2833
1695
6668
11527
14935
6894
5250
11032
6934
13158
14794
2674
12975
4057
8068
3622
2539
8560
9799
4494
4224
12128
11209
4423
1054
14294
13818
12090
14619
7005
3038
10544
9575
12463
2430
8168
125
6706
12973
8285
12239
3705
9857
3916
4095
12474
3981
483
5405
12399
2198
1199
11041
11214
13042
14108
6090
629
1612
82
11274
10020
38
12185
11667
3132
8795
9012
5255
4919
9924
643
12351
6012
9856
1241
9275
9006
3400
7807
8811
1886
13894
5726
5126
7236
6929
13041
4846
14662
1969
6659
4053
10854
6807
6700
3046
13838
13840
5556
4496
13446
5388
279
4781
7509
14269
9116
5926
3260
13338
8275
3319
1282
12001
236
12591
14311
7130
5186
3440
2684
2166
3696
2984
9276
1960
4742
6783
11389
7511
11189
6849
14713
3259
9742
3112
6817
4804
8687
1758
5697
611
8094
12961
9423
4775
11614
545
12797
6801
6452
6349
4752
323
5024
12272
8166
8162
449
4308
4163
6300
8686
7161
1318
11497
7523
13831
1139
5012
5741
12468
11897
6786
1200
14355
3989
7866
3961
3666
5194
7445
11142
3264
9109
1818
5101
11944
8169
8846
9830
5574
2521
2742
7395
2917
3284
14169
1968
4662
8978
11410
1292
4134
5682
8170
14452
1922
13919
3127
5301
6590
13049
659
11768
9913
6143
13775
3324
9639
6764
9358
12439
15060
8750
7933
9509
2455
9979
2487
8023
4928
4128
2974
5083
4668
1186
1961
7358
14804
1383
6798
2551
7531
9819
4847
8497
10609
7555
1210
11412
8296
6666
1285
11114
3914
128
6134
3026
12774
6102
3670
13800
6577
324
127
1084
7980
1574
3562
2888
14797
12673
8716
9401
8891
3798
14603
9702
6378
186
9744
870
2481
12601
10707
13857
3501
11724
12420
9739
9420
5057
3450
229
5687
13485
7693
9874
2783
1537
9817
11809
9703
9400
631
9588
13273
6011
11394
616
5133
4910
11352
4938
12470
11556
8202
14143
1668
12545
2031
13833
3915
11543
4024
11438
14835
6493
11127
6137
4923
3953
5319
5730
11873
11640
9972
3601
7106
11452
11330
7016
10849
9812
9279
8336
10830
4150
5169
3338
11685
4511
1473
8963
12693
5433
10608
13809
6013
2970
7022
126
5450
12268
7402
5519
7181
3783
254
2568
2823
1699
9943
1832
11953
13869
1177
9280
11729
10085
12538
3754
10605
8478
6112
3205
7569
11833
8959
11471
11469
2531
13901
893
10825
8509
8537
12994
6479
3697
13282
6686
8510
10215
13088
13058
6420
14035
533
11467
3512
9975
14214
9653
7471
14022
7026
14550
11893
9865
6173
13664
14969
743
5435
11902
10153
7357
9968
5644
1529
5910
11938
5268
11734
6529
4519
9554
9220
15087
2285
5478
8178
2457
5616
13133
4101
4405
1052
8491
5955
4352
2008
13625
8856
1654
6572
10002
10333
310
14665
3569
14537
2474
864
6610
978
10877
1995
1765
10561
139
1983
11544
9017
1738
1162
6842
13560
12706
12735
2386
3499
11853
4122
14773
13789
8125
565
5942
9445
9790
5168
2498
13917
8206
10124
7524
9758
9432
4136
4481
8818
12881
6132
12883
4123
11611
3095
14577
144
486
13469
1008
5735
13451
5979
8796
11585
7019
1007
8213
7881
6423
5701
13441
6986
4920
10879
14206
1833
6690
1538
8883
7818
9533
540
5500
12338
6385
5813
14078
6549
12531
5264
6569
85
5724
12363
6156
2796
12045
5143
14587
3792
10875
7617
42
5940
14552
7054
14454
837
10435
13341
2301
3985
1412
1531
1565
12303
9549
13450
9673
2748
2588
1144
5642
6681
9061
9810
9453
13429
1342
12054
8389
1146
2441
8426
14088
11507
13896
1791
13418
2894
11634
8405
2341
5734
2326
9056
11914
13586
3937
6497
11576
7068
9031
943
1610
6525
8859
857
14626
11139
8899
2705
5756
378
396
2981
14309
9939
6021
632
8365
6379
5374
11780
9073
1329
3286
3488
6320
6563
12586
2251
12037
4256
7884
1256
14453
1091
6561
5609
2644
11129
10196
4056
5798
1076
13926
9652
839
12657
10988
9141
9974
6790
9992
5058
11672
11310
527
9725
1891
1647
12275
4342
1343
8904
14609
4755
14612
5266
4966
4744
6568
7614
5531
12298
3307
11269
10873
6172
9969
2274
2267
10906
2328
10483
12324
2345
58
13420
3997
6555
13860
11149
11678
5449
7062
6035
7618
6447
1114
8965
3954
858
7343
6041
6976
11309
4009
331
13897
1224
7183
5939
9624
3200
5063
10182
5895
184
14782
2587
6144
8524
1279
9455
9814
3328
8369
4127
3031
10677
8606
2880
8469
6171
10550
6470
9471
3274
3484
1514
11642
14382
12791
9973
1148
8855
9839
865
6039
14098
312
2881
9836
5312
8486
5082
9470
1222
14446
14686
1672
3452
13578
3519
9437
12412
1993
1783
5671
9487
8532
9393
9684
8938
11710
9180
15098
332
3145
6309
12323
5148
8096
13445
7747
442
6587
10330
5309
13550
1073
2059
7098
7532
8207
10313
8489
6614
3373
12874
8332
14033
10320
10540
8069
7791
8343
9764
9435
14036
7350
5132
7486
2243
3009
8337
9990
10549
11255
4109
11946
5520
12262
2534
9413
9726
14593
5361
9520
7487
3487
10372
9519
1992
745
9034
9210
13564
2402
8897
7028
1277
1937
12176
2824
6375
13904
3545
14144
11203
12393
8754
5332
9346
6028
7126
2802
8506
9481
3108
1041
896
11256
4499
6313
10565
6923
6029
3643
6562
9546
13650
15086
6319
133
720
185
5538
13419
3956
3871
12271
13854
5356
14017
6008
13232
6139
7457
3310
12813
2
14833
7863
3241
14064
12078
9410
1837
9074
4472
13772
12838
14383
9167
11008
5738
6074
8536
14352
7997
5167
4993
4017
10008
963
1303
10023
1495
590
11175
10504
8028
3315
10665
2491
13983
13411
10628
10236
8607
10449
638
13699
7927
6669
1953
5590
3185
12526
14313
5053
1550
2553
5619
646
619
13644
4152
606
7786
7670
13062
7325
11489
3160
4498
9587
233
7332
5990
11275
1235
5245
9606
2162
7589
64
5277
8528
4553
9862
11997
12718
9944
11524
11512
12913
12044
10592
560
6193
3172
3159
9579
7335
5052
9160
4248
3294
5944
11087
3144
7312
14433
6194
4083
13436
14548
10037
4016
13404
14480
12644
6727
4561
6044
7331
5536
5178
2650
14385
5105
7669
4063
867
3934
7858
8475
5131
9724
9412
7494
3687
10941
14623
9112
12982
1464
12505
14307
12429
7338
14287
7989
1674
3332
1403
5605
3769
1482
3890
13973
9956
10720
14426
683
2907
14359
381
838
10051
2427
3498
9592
1785
5899
5540
9223
4704
14477
3713
14978
1401
13603
6207
10090
1631
11539
13576
12089
3113
1094
6005
5200
2640
4711
14507
14580
2171
4316
13693
13788
5413
835
3678
14073
13604
790
727
6633
12956
12068
12000
9164
846
2964
13406
891
5138
10517
4586
2800
6675
12987
12948
1817
460
12599
12345
8446
8134
1591
10204
7765
1248
9496
2727
11246
5278
5249
3870
3391
5189
2637
5998
1931
5999
5602
13641
6670
7474
1346
8792
13149
23
10098
7805
4453
14546
13030
5439
1676
10994
10024
12197
350
3439
1748
7303
798
72
5145
1350
9603
383
889
11599
5068
10807
5883
388
14267
2758
6365
2649
5294
14638
13266
10069
5102
14213
6955
13594
3510
11888
7515
12757
5397
11666
5078
12419
6368
7665
14728
13660
6738
4607
5283
14990
3107
4952
12282
2372
11532
1737
9904
2858
145
414
5889
7362
8638
10014
4720
5261
2063
5626
7082
3334
9958
2792
5341
5087
3179
2766
7012
3174
5535
4204
1362
1589
7113
3115
12918
12469
14633
3656
1805
14389
7114
4500
9136
2245
7330
1709
7013
9890
7172
8763
14354
1703
8762
14648
6534
11270
9910
7898
10629
3527
12806
1590
10586
14816
5632
3573
14044
5675
4992
572
3816
14435
5123
5181
413
1806
14525
11575
14416
8392
10470
5430
13402
7967
12712
9604
1547
6600
12919
1670
1433
8735
11388
11871
12893
11592
5244
13435
5243
6714
12815
6084
1450
12923
9612
9108
8075
12035
6031
2314
6215
7999
12274
2067
11790
3398
1555
4874
3536
6049
10021
6034
456
2283
4656
4345
250
14560
2891
3862
801
7041
11063
7983
5905
13195
14584
2626
1795
6435
2295
13759
12130
2247
12844
253
3471
10006
9542
9128
4086
13389
9333
10057
7171
6594
11983
6716
8698
5308
7322
8124
10474
10529
10158
3399
5718
3493
7160
14632
11925
818
14252
12670
13360
4098
6712
8082
5391
5712
6827
1345
5869
925
10119
12099
5791
6919
974
7200
12608
12824
11789
2582
3435
8306
12270
7356
8809
7573
10730
10359
2622
455
2415
1597
9028
12796
2297
13097
13028
1576
10938
11820
947
11427
6396
12817
13961
4254
13280
11027
4598
1458
13034
9263
10105
2954
434
14010
4734
9024
4567
1835
10796
11737
7931
9072
13985
806
5941
10409
10482
11684
7230
13806
14670
7597
10722
10671
10458
4680
6624
1602
1302
6722
11981
1509
3551
8742
1447
13059
1546
14029
11824
12438
4501
1376
7473
11720
11431
11144
8576
8451
10585
28
3459
14336
3142
4652
13974
3037
1548
12039
7158
7982
2248
11918
8825
5755
13219
4222
9594
3084
1504
1635
797
9960
5349
9522
8704
509
10631
13027
5854
4460
6226
12389
10188
13969
10818
10036
1060
13235
10569
12198
4305
8085
12997
9955
10516
14818
2382
10033
9929
1990
14258
121
410
948
1577
11631
2938
13096
11581
9868
14222
3918
9571
12034
14339
13084
5746
11636
2627
10111
13216
3231
13217
11616
12036
10034
10937
3570
9611
12040
6288
14358
1935
11026
193
9084
5904
1553
10632
10016
5256
1608
1677
7210
11742
7822
5900
4967
12240
6760
1954
1307
69
1731
10095
7947
13109
6951
190
6726
7174
6748
4626
3093
5887
2628
1467
8394
2140
3746
12492
3741
796
3110
5076
5739
1692
4957
3135
1784
9494
5100
12600
8106
10928
13995
5
12374
9495
61
8397
6331
6358
2721
5775
10056
6048
6837
7203
944
945
5693
5324
729
931
7117
7118
8892
6196
5323
12805
2293
14547
7372
9593
7377
7220
530
2895
52
9154
1994
5678
1764
10602
1898
4714
3689
12926
7212
793
9521
14775
8437
9564
3202
3106
2071
805
4868
11562
2537
2899
13747
14558
13324
5395
8294
6359
7169
3747
8295
2479
11831
9185
9186
10682
1860
1967
11560
13588
11475
8765
9629
13587
13774
1506
1133
5894
4503
10394
7981
2142
9954
11687
4973
1508
975
13125
5106
12655
12921
14691
14325
3740
14008
1965
1964
14341
9911
10894
12920
14324
9556
5377
5274
5611
14326
12038
9912
9163
12885
6456
4557
7115
8110
7591
11546
7004
3750
11794
12229
12065
10692
14588
9962
10708
8590
6070
11891
14687
3073
9586
5208
5209
12884
173
1494
92
411
5987
9963
6131
12166
14337
10017
94
13689
923
1526
95
13317
12381
6312
11615
13252
12992
1796
4330
13472
11609
13792
11668
9908
12620
12823
10622
3992
10432
9352
7170
5192
10616
8135
6428
4538
417
10623
3055
2661
9561
11399
77
12773
3312
9510
12696
12699
10596
12442
2658
4859
7383
14350
11096
8917
14057
4203
8132
6068
522
3665
6030
13035
3544
5141
9923
11542
6241
4794
12373
13032
6265
13949
2923
1518
7470
6235
6297
12925
12452
12456
5179
9590
7939
7007
6304
4313
4314
7849
4719
9569
6239
1490
14058
1638
5896
8381
10022
13916
8554
5103
11629
5740
12594
12550
29
7328
14373
6453
7729
13222
3089
12929
1623
13547
6052
529
11141
9228
6713
3734
3146
3860
2249
9351
6862
1598
5891
11106
12650
3173
800
7429
1545
10993
1682
12437
13746
1732
2752
5710
8083
7577
9866
4536
7420
14642
8998
9557
5733
10709
12989
7885
6411
14260
14353
9965
12922
2821
13574
14639
1554
9350
152
8572
9922
14817
14886
5943
10195
13385
14348
505
10027
10439
3882
6487
7060
9961
13438
9562
12402
12930
14685
13245
5403
10826
12754
14048
14328
5288
7948
7799
5408
9567
10053
12927
9563
7827
802
4976
5429
3444
6836
14436
4205
13895
2384
1034
12931
9565
6004
3688
14721
1031
10015
14640
13108
14229
13741
12928
4555
13037
11565
5371
13960
12536
9198
14281
12651
14857
4994
2765
1637
1505
531
5893
5071
8032
13739
4209
840
5647
3681
389
6682
1175
5281
8111
5879
8001
11726
1736
7394
14812
8617
2711
2108
8573
9578
2228
10073
968
9199
2088
4092
750
7202
9881
9743
5409
14575
1948
6096
9581
13962
9875
12682
3553
898
7869
7232
6918
3103
2728
9560
12579
2073
14518
11533
12018
6289
13959
14671
2822
8768
1360
5897
3311
9860
13570
12140
9296
3382
9047
2703
2704
7455
762
9068
14349
4737
1126
4988
5000
5039
8081
9558
6327
9583
1562
7208
5635
6097
521
12917
10781
7584
10012
8233
13546
14625
3137
2655
1988
1985
6255
7580
8766
12161
3511
13548
11589
10996
14372
14055
1457
14887
10999
10127
5276
2625
6887
13825
2419
12983
7592
9247
10719
13758
7847
7491
8740
2154
2109
3165
741
13609
7957
2543
5873
2291
12715
3946
684
10582
3321
7929
8470
9595
6578
2928
1254
1019
3800
352
3685
13192
7390
8525
914
12525
8072
11643
5954
10783
13748
8505
365
1117
143
11064
9170
1636
13900
8439
12720
1215
7687
7336
2429
5970
7654
6380
1930
79
585
5284
1899
11099
8103
9754
12237
5392
5541
9430
8387
12584
9505
499
5547
9584
7518
8059
7850
5571
890
635
11145
380
7514
8523
822
14259
12558
630
6020
10406
12984
5866
5197
14860
9313
14050
7857
1906
3318
4972
2999
5692
68
1443
3609
10962
4985
4978
12159
746
8257
13993
14484
13932
1523
3432
13694
9166
12461
5412
1790
1600
5411
11302
1486
5195
65
14362
6679
10074
10803
5378
12500
5988
13756
1950
14361
6677
14807
10029
11108
7659
2383
3869
12906
1735
14394
11033
3166
12097
8307
3175
57
12915
2755
3389
816
2735
2459
10815
14375
2493
7652
6010
8289
7653
12759
10597
1792
12760
6017
5606
5456
652
9907
504
11808
13643
5747
2376
11067
7407
10998
4907
5530
5146
902
11587
13977
3383
13081
8889
10011
12294
70
2754
454
9580
8061
12292
2793
5066
9903
2334
13946
8071
14293
1047
6398
1459
5085
894
3193
9889
13782
7879
3280
371
11415
13998
1141
9971
1782
14529
8512
3314
11823
563
3269
5594
7129
14243
9970
2774
3695
3765
9388
5119
6498
13912
5748
8629
11709
12711
3057
3927
3473
12214
8711
5579
469
7806
7278
8175
8011
478
12866
9525
4969
3943
178
3199
11304
12799
2749
108
5043
5460
12603
10464
5373
9323
9440
14931
13817
5934
10816
2764
1726
7770
1754
11514
12674
14528
9526
9785
3445
12793
9528
7563
9527
5751
4793
5717
14340
14532
1127
14585
3999
6169
12184
13870
10944
14540
1991
3155
8341
2416
3729
7406
9271
8707
8992
11281
12705
8749
2460
6508
3074
14160
9381
2229
12055
4832
9272
5453
183
1149
6643
1615
8813
12352
9070
6667
7674
471
3503
10352
14280
9172
225
8941
6180
5400
8460
3777
13487
5933
2710
12163
14401
3197
8671
12444
654
7876
14232
14284
419
12978
763
5518
8052
6599
5067
14622
6009
10644
1673
11637
4995
5452
14379
4089
14644
5206
12560
3192
12148
14861
10931
12450
4958
5597
7613
2060
9871
1046
7727
7423
2685
8751
3246
2813
9303
6333
14527
13244
7103
6548
6558
11015
6192
3982
6585
14061
4223
13428
6376
897
6838
3150
7083
10795
6187
1391
11000
12932
12589
13757
4076
13626
5293
10918
1559
10657
11699
6026
13712
2544
6410
11004
177
14315
5097
14888
12487
9239
8710
2818
8857
9705
1606
4145
2709
8290
5521
12278
9966
10788
5488
2121
1393
3990
3322
13621
5318
14821
8538
10737
8388
7038
8690
13671
14288
7248
7852
3181
8808
9281
10092
11202
7953
12349
5422
13363
11547
1532
146
1575
9408
14327
1840
3232
14124
12985
3374
6965
605
11006
13484
3276
10921
9863
6469
1816
13771
11003
8374
4430
636
2412
10774
8360
6373
1010
6674
7817
226
11633
6942
2354
9672
9382
3854
1742
14071
4172
14016
9341
7123
7191
8462
13188
7056
3349
8359
953
11035
13734
6678
5236
7468
7421
405
26
14224
13692
2738
8551
9617
10604
5514
14283
14392
5190
3596
7063
3277
8404
3495
5668
9740
9988
14998
6642
3052
10970
1276
14701
9715
5573
2070
551
9679
5601
1729
10471
5084
3814
3351
5381
6080
6182
2978
8198
12441
4111
7175
12675
5333
6140
13733
10625
12215
1814
11305
1314
14637
3588
1258
8786
13835
9614
14431
4912
8420
8236
1053
10864
11443
14561
9406
9894
1260
6576
5380
256
8562
4100
9834
1585
1112
14211
5702
8812
8321
8900
5204
8482
14412
14578
13802
9671
14733
5112
2497
10747
9403
13551
5142
2808
10557
12668
11354
11143
3568
174
12903
10746
9468
1128
9041
12042
4106
13936
5404
10872
3532
2979
9723
1957
2020
10239
3366
9306
12249
2641
11332
6567
444
1907
14567
13648
11557
7871
2335
7701
12414
603
573
4255
2003
9853
9483
13872
1803
11007
5095
7721
351
9332
14197
6580
845
14763
14590
14230
12886
7877
10971
14150
1578
2632
6499
11601
7984
9402
13313
9707
9666
550
8222
2458
11005
3217
1728
10219
9842
9375
2296
11551
11552
7792
9537
14391
2258
10476
6573
6409
8130
13853
11014
1763
12517
1542
3497
10035
1652
7340
8577
3790
9516
3395
587
6540
2342
8616
2486
9845
2698
2425
3970
2957
6065
1011
8232
8574
3169
11440
1492
9467
9833
7557
2514
14087
5299
1874
8970
9893
10916
10852
10165
489
6471
5628
5022
3994
14614
9650
2240
9368
6516
12408
472
12212
9752
8967
5721
15024
14225
9674
9383
5884
13530
12602
2337
6186
5964
5902
11676
3957
2191
11659
744
7444
1275
239
5363
4875
513
2525
5920
3530
9426
9748
7962
5009
2029
11725
8814
1039
154
2634
6494
3044
4
5838
6025
10785
8626
3235
5489
6974
1205
11306
9464
9826
1145
5919
10404
7972
10972
1093
9681
6847
2867
11928
14015
12743
4937
1733
7534
9051
3211
5654
2129
3832
5958
6006
14133
2619
12959
880
12135
9077
6388
6024
1671
11433
13683
12284
576
6085
9428
3216
6528
662
6958
7167
4158
13847
11854
14129
9097
14075
13567
4417
13878
11895
1655
12457
7706
2969
4477
12409
5444
2528
5014
2524
3302
356
12658
1691
618
1206
2344
588
12348
1287
8642
5773
1203
7339
535
14388
14377
7971
12639
3785
7961
4146
7341
14378
8875
2037
156
3604
7749
8380
14602
5055
1809
851
5210
2159
8225
14131
157
10620
2874
341
5937
4000
8817
4830
7498
10912
2068
3483
10407
7830
6036
7462
5565
4117
7734
6063
9343
10706
4167
266
3563
9344
14699
11266
3739
604
9831
12690
3291
12074
12960
7783
5758
5203
7142
6536
10756
3556
13414
11605
12576
12060
1868
3182
6326
10150
13636
12974
14710
3198
12539
12347
9846
9360
881
9932
3912
8789
8340
8944
3222
14240
4911
14700
9098
3652
4970
13749
10348
693
10249
1198
14210
15063
12557
11554
3908
13906
412
14759
9356
391
9637
466
5980
9864
3907
3968
11395
1247
14119
8890
7501
4551
4007
1756
7434
2706
11405
13867
13830
12154
2889
2629
12247
2346
12882
11942
5459
13909
14566
12503
2271
407
12507
8879
158
3928
14598
14604
6161
10811
1398
490
7449
12225
14166
12122
5415
3944
11799
11236
14800
2461
5263
2529
6627
8174
11173
9982
8465
3998
6931
6531
5359
1669
12400
5688
8370
5339
883
11840
705
8633
2462
9773
12360
12359
10089
6060
12144
7928
8377
2212
4135
882
43
9870
1718
2422
10754
19
8428
2097
10874
11855
10813
12635
8378
12425
9631
8760
14120
8313
8500
6693
719
7538
6246
6427
4855
5237
1871
5497
5935
7476
13505
8511
5952
14207
3133
5981
5646
9063
453
9927
4151
11555
2368
6689
9363
10736
13470
3225
899
244
10684
11451
7300
13153
3572
9454
1599
6283
3394
9837
14479
7553
7959
5360
14761
9838
5823
3025
10920
5285
12216
10734
2631
13100
1308
9630
10907
10867
12145
3427
6136
14592
7958
14001
12287
3190
3515
3105
13868
5685
3618
14095
9035
3608
7351
9314
5254
1435
2317
8373
2366
3592
13767
582
5523
2242
9248
13214
298
14031
3035
6787
852
1382
1304
14154
7354
3621
8355
9934
5771
8755
3557
13766
6609
8685
1867
10075
4250
2750
12615
14170
987
2310
6230
12692
1760
4340
9212
10071
10070
6363
6496
5665
12966
3367
3283
14122
12129
8138
10693
12750
7380
9644
8624
5552
11464
5513
13908
6898
4033
7477
1819
7353
11283
6344
5938
6774
4694
853
14601
14451
7069
1209
11852
10871
11060
9616
5714
5716
10226
10316
9803
3209
5617
12147
7155
1603
13928
6814
4796
11034
2520
8351
289
15097
12756
13348
11819
5396
3962
12012
12681
7621
13856
5476
14316
11657
13132
11135
2146
8881
11442
7651
5641
2266
11741
5211
12540
12093
2533
2327
9793
13753
3261
9446
1385
1987
11430
9602
11907
5666
3518
8026
8100
13708
12387
8880
1265
1454
2630
9761
12136
6430
9434
13744
2495
9699
783
5462
14564
8609
6413
3262
5524
5525
6895
9926
957
11404
5728
7623
6293
14716
6450
3348
13836
6441
6537
1261
3178
9137
12846
5707
11899
9770
13523
10279
6185
3045
6342
6932
10922
10275
13947
14137
4341
1753
6896
9888
9252
6603
9484
14863
14554
3771
5338
14111
10013
3931
2350
14495
9118
669
2100
288
12401
4418
106
3839
2956
5600
220
5911
1428
12404
8151
10948
14753
9207
2394
6926
2374
214
103
6560
14145
13813
3468
12910
10042
3329
14250
9658
13499
9619
9009
11762
102
3496
7629
12710
13848
2431
14112
11904
9622
5498
3840
336
1527
8730
6285
11341
9325
8951
11242
2869
2918
5034
270
4541
12397
3201
9331
3582
14152
4048
3843
1297
7290
6087
6015
11011
7741
11002
12188
10065
7544
9719
393
2826
9996
9930
12053
5763
3767
7344
6616
8153
3343
11097
5442
6554
3583
14159
11582
14885
11010
8194
11048
3168
722
2995
1488
4371
8479
6099
1693
13722
13474
8226
13713
2405
4916
3657
8507
480
5959
12432
14672
2873
11641
10257
1519
2967
617
12637
757
1977
5364
3290
5156
8895
14415
113
1453
9179
1955
3058
10666
13065
11506
8189
6415
14448
9138
12968
694
8861
502
11796
559
2915
3526
11638
14666
11406
1253
3013
12709
8350
12009
5170
14072
5231
14948
14475
14110
7932
6159
4488
11009
12179
11025
5503
4278
119
649
8924
7526
2643
13876
14125
7507
7250
5844
2433
6280
8000
6830
2933
14883
12899
13431
4422
1533
14879
1370
1626
6014
2670
1780
584
13681
8696
6945
5129
3292
2820
1484
3204
13682
2516
15021
9385
2339
2375
13368
2827
4926
13394
13002
12261
5232
12506
135
2396
3772
14216
11350
9747
3566
100
11738
11696
180
1155
2696
8002
4164
12010
2701
3698
645
736
12233
10263
14708
13829
10987
13094
3148
12327
3653
4936
13862
5578
4201
11564
9776
6684
12664
1888
1725
11559
4903
3825
11989
13333
12003
12403
14565
3130
1207
8835
5185
5761
12052
12213
6426
11445
12080
8432
9287
6515
14536
10936
21
11583
7521
10077
1940
1942
11584
6429
9978
641
9698
9582
4004
1038
9940
14947
1181
12678
3525
5219
9851
14734
4935
5972
7548
13095
12022
11550
13507
13703
7922
3721
3033
7683
11812
13227
5643
3457
1086
6073
2239
5695
4984
11548
13240
4975
13393
3775
14235
11910
11952
13584
13241
12789
8848
5796
11602
8557
7092
12377
12376
6158
11665
1246
8464
5843
5441
3279
287
7419
10281
5247
15105
3138
10779
7547
2950
168
11679
1337
1045
8487
9042
7346
5494
5837
2720
578
2363
8842
4854
3865
1511
14949
5201
123
11798
13455
13956
10775
1255
1476
32
10370
13552
12015
7760
14599
10934
1050
7029
14586
7711
12072
2034
555
170
14158
491
290
6360
14233
11371
8927
9782
3491
3850
11279
8563
12067
8564
8165
4721
12962
9980
6630
462
3227
55
8224
990
3654
8019
7037
10933
8915
5545
13885
3996
6661
9011
7528
9573
7630
12071
8326
6622
6195
3995
3214
12971
7247
14895
10253
4876
2150
1622
1461
3265
7916
3699
1137
1232
6146
10343
8926
12726
4690
9816
940
13
6120
13502
3539
7606
12535
14840
7940
9821
3090
14142
2864
3258
5311
9008
13497
594
9882
9174
7411
5130
1757
9887
10267
13518
1658
14779
6121
13629
9806
1943
1944
12963
4863
11441
2828
12549
140
7985
13785
4259
3048
11498
10055
13880
12066
8932
12998
7634
4234
3287
11663
5567
9687
6092
1427
5563
828
12725
6936
9721
3
3327
8667
16
9249
35
6043
10670
3096
6218
11273
3614
12785
3490
14711
3078
12802
8695
13527
13021
14488
14130
14643
7461
2810
12011
2541
3486
2404
2043
14473
884
395
9993
8907
5213
4930
14089
8484
14747
8625
14573
9140
10224
1827
14105
2507
4732
338
2089
12321
13618
9738
13381
10573
7454
14521
8264
9216
13288
7604
3529
11400
9756
9664
8271
2002
3857
9947
12747
11319
3929
2464
6155
14384
9298
11735
14709
2664
11883
7134
11593
2190
13910
6629
11299
1339
4020
7413
12033
9458
8911
2638
467
7097
10768
11987
6217
3586
15099
14176
9427
6142
7242
7289
13849
9176
14406
8664
11248
1236
9124
679
13893
14476
9634
3848
768
14457
8344
8375
3298
9036
13814
9004
5389
62
3203
10835
7888
11931
12104
15108
13837
2840
12302
908
5543
6685
342
11876
14114
8598
8689
3288
2288
5334
7615
8521
14079
11317
9221
11321
4986
6432
1262
10927
12713
13562
11140
9308
10778
7960
10151
3600
14478
5307
5354
14455
3555
6308
518
3469
2030
11054
4002
9142
6461
4288
3378
6451
5627
14955
13187
4889
11083
14606
12467
2972
13152
10696
4027
11342
3331
7246
13520
9765
1056
5230
431
10977
13186
7626
3248
8227
13619
14946
5694
14834
1197
1884
12105
13729
13452
4321
6162
12258
9741
8312
9714
8272
14101
14523
8163
11168
8263
6160
4756
6791
14459
2120
11390
18
3964
10508
14470
9791
11677
8262
12951
8266
7422
855
8878
4944
2504
9309
2511
6163
680
6110
3234
14563
4080
1878
2168
7720
519
5502
2025
372
11474
7739
5329
11232
11364
9645
3813
15035
12672
9618
12069
11208
7627
14579
222
9931
3183
5417
5510
5118
10431
14100
1257
141
6115
340
10444
326
7239
2846
3195
11038
11839
5797
8115
1002
7310
2442
9532
13117
5223
7467
5505
11722
13206
2878
1826
3864
8345
5729
13730
9820
3823
14107
5845
11340
10269
473
8164
11369
8961
482
474
14740
6638
162
7088
10859
5811
10238
6287
5604
8265
14082
13667
11185
5259
2236
1048
6445
4532
9953
2980
10554
4043
10325
3919
7076
4403
9288
10566
4850
734
12859
11626
6078
2941
4032
6939
3371
8885
14748
12629
1013
10381
3455
13401
1099
12227
6086
375
4963
11051
9805
12516
2940
13453
12206
8925
9941
3303
9646
3339
12070
13907
7188
8643
4431
3888
3434
9643
13491
615
11604
873
14512
11339
1425
5826
10189
12006
267
5802
6613
384
14330
11333
10862
2397
3795
13495
13762
6259
1913
14419
325
13388
3350
7355
6093
7373
12173
10208
6502
14109
6067
9737
6878
13516
5618
12063
7456
4389
6765
9762
14076
4674
1388
6938
12703
8477
8481
6699
3710
9686
2329
3372
11031
41
12357
307
3229
12061
12970
9869
10254
2919
9800
8199
8171
3804
3152
165
4121
11971
7375
6271
39
8764
5202
285
8639
11841
2942
10525
11711
13581
12004
4473
2879
6151
14717
12199
5508
347
2526
10672
10107
14434
14127
10425
10193
12064
12059
6145
1195
2009
1089
7576
10485
5042
11360
11037
3815
12091
5945
3034
10282
12201
7668
11385
4262
9069
10096
14310
9813
9733
1521
742
3524
9936
12490
5629
10968
2001
1316
6130
8618
14172
8159
6184
406
4082
11207
4835
7724
101
7562
114
13022
2084
8458
8459
989
7323
14803
7587
7168
4544
14744
1434
10080
5246
13373
5912
13483
14347
3244
12488
7499
2922
9798
6656
544
14608
10018
1879
13525
9783
269
765
6628
2435
6535
3275
6639
5337
3470
10354
1539
9439
1070
11300
12723
3263
9858
4946
8324
8582
12150
13819
2506
6109
956
13705
6108
11890
6042
25
2027
7533
12606
6107
12293
3218
9668
9902
4515
11337
3139
8916
13514
9734
8411
8886
4336
12566
673
6016
4392
7675
9038
14466
14346
11191
11770
3299
5348
98
14126
9607
5679
10846
2852
761
10357
14290
6665
5928
1305
2436
10093
1163
3242
9188
2434
6997
4420
3704
4684
11043
8542
970
9010
264
13843
6649
10356
12853
132
8558
1313
2056
6330
5260
1409
9935
8723
9030
2831
4337
13382
7302
13964
10991
3189
10285
7756
12483
3188
5839
13352
3866
9189
5555
13642
14607
12777
12151
6170
1166
3707
7003
8847
9208
1894
7610
714
10949
6948
2920
10845
9751
5229
11901
2715
2686
3975
749
1298
4554
10697
5015
5648
12631
3376
5956
3158
12957
13704
11277
2343
15022
10739
14116
2367
14069
1872
1487
8157
9625
4362
2801
747
11070
14864
13400
3156
6125
3972
13093
5621
4377
3851
1962
11053
12407
8845
3184
1
13732
12752
10649
8769
159
10838
3849
9885
3004
9995
1422
12416
10094
5454
10284
13826
10047
6941
6003
2994
313
2854
511
14780
3787
1012
5963
9823
8246
1079
12775
5001
6129
8390
2269
13456
7025
11502
3706
13422
5313
2362
6113
14514
4909
3540
2839
13536
11045
1524
11603
2804
167
575
164
1152
12211
13205
9938
6148
658
6419
13486
11046
2803
13580
4860
5228
13535
13532
9808
475
14004
1182
8623
13476
2844
682
675
1018
14735
6708
13720
13841
11797
738
732
14139
10767
4842
1423
346
9225
20
5461
12378
11673
8372
13114
3240
3743
7398
7122
9553
14019
1424
7824
14194
5458
13957
9976
7839
5336
14121
9775
9811
12783
11686
14191
10256
5922
9062
3064
7401
10686
468
9459
12489
701
8383
4917
4925
10967
9933
111
4197
5921
262
13680
15094
1251
14314
7529
3140
14208
1534
40
534
9293
4067
12583
503
2470
4081
7304
13569
2542
15095
5962
5455
3829
7475
1184
8429
7224
9559
2949
166
2076
13169
13239
109
10229
56
10823
11739
3831
404
4055
11712
5554
10255
6117
10172
12146
15055
3676
8322
4954
7403
13952
8773
7438
14000
6625
1877
13686
281
733
9190
13623
1883
12174
9822
2680
11569
6177
1876
3594
5817
10163
3595
8268
10412
379
10355
3507
9123
14712
10066
8775
9667
3053
1051
3641
12738
6152
13047
5827
1402
3226
5050
9183
2877
13526
5016
3405
9792
3880
6183
13500
459
6663
3463
4959
10579
5784
5715
1856
11600
9692
13046
13503
8871
9111
10081
4454
15059
13606
6676
8771
1824
4427
2855
12731
3636
10258
10681
2911
14020
3030
546
12501
10780
4955
6634
10860
3892
451
6284
7074
13866
5368
343
14905
8534
7950
11921
2935
1415
14865
9651
9369
9463
9261
10346
3238
13242
13077
13392
10424
8833
9749
13045
13524
11866
9855
6596
259
13369
13284
10115
13794
10245
6621
3708
12996
14795
12981
13285
9632
2132
12223
10321
2937
1696
4864
2133
1087
452
3629
11523
9633
3552
1649
9110
11243
11044
12766
11282
7002
557
4745
11662
13721
12428
5048
12007
5742
328
11085
589
10509
4458
8303
12634
13423
4391
13591
1024
12355
11425
6157
11881
644
10296
110
3668
11459
7525
13076
358
872
1296
1006
8283
11908
10688
10913
13541
11772
10553
10748
6591
9647
875
3521
591
11800
5233
8578
13067
11335
7125
676
4206
13761
10858
4480
3853
671
13777
7672
6204
6909
11776
4807
12405
6045
2842
9701
10206
1190
977
600
11484
2519
5927
13987
10072
13599
3465
14390
532
2944
9763
4199
735
1828
6174
13395
536
3151
11334
4516
8173
7660
13924
13231
13408
6680
5061
3449
12995
3177
3879
13519
306
6481
2018
8407
2014
3154
5017
12611
8276
14936
3253
10211
10909
9282
14576
4023
13494
8329
3872
11081
3413
2924
5258
14862
8647
13014
10986
10460
10264
2509
6302
11355
8183
12391
432
11905
13342
14660
6328
6637
12390
12896
3239
8180
11344
6654
595
10377
11426
6994
868
568
4512
4961
1169
104
134
2934
9998
3810
13113
9200
9119
10159
11522
13201
1929
6071
3803
14683
9236
11373
13207
14572
13687
5760
7243
10028
14618
6091
11898
528
2939
3806
96
13230
10217
11088
3703
5638
4432
10290
5013
9286
6233
14068
13501
9755
5239
12480
1704
13864
11186
11500
13199
14963
14396
4429
7057
13387
3991
3230
14555
3504
5762
10562
13127
13679
12719
12809
8279
11370
1230
6501
8347
4041
12810
10041
6393
9760
14334
11036
10278
6175
2927
739
3768
115
13534
7071
14510
1153
2825
6551
12967
13934
1889
14486
317
2518
7500
5046
13543
9690
4893
11262
8267
13496
2550
681
10687
13398
8270
3215
6664
11503
10252
1706
9777
6408
12776
386
8604
6579
2863
1722
13933
138
7198
2373
11222
14458
3098
13881
6075
6402
2000
11178
7366
5045
2809
14600
6286
2061
8893
13146
13559
764
99
13888
8630
11707
8570
7436
3513
15005
9121
6989
1870
7636
4894
1185
9104
13468
1340
2700
941
1724
1107
5925
14360
7979
345
672
3974
7218
4132
12949
2675
7556
1444
4066
286
9019
14094
1474
751
9057
12318
9891
5474
553
12991
8973
5297
5445
4104
15050
2552
9058
15010
8665
2530
7530
5216
14664
3505
8127
5699
1355
12152
13025
1306
8694
5774
10882
2904
3587
329
8727
136
14040
8918
8393
5032
9919
2951
14370
508
14026
11162
2948
4054
14367
7506
1541
6662
11059
13905
8280
3682
8160
9543
2370
13529
13945
1445
5674
3050
2083
8968
1040
2946
36
2992
10422
13229
10673
2028
9049
1025
3344
5744
10345
3091
14188
10793
1927
11311
8
6405
12058
12095
14241
3485
12120
2035
10456
1015
10306
9260
1095
12297
2369
13622
12319
10148
1707
2513
937
6611
4471
13139
5289
11212
4012
12508
12
10277
13151
137
8423
8261
2559
4221
5298
10427
14236
3797
6047
5122
14743
10079
8752
11179
7396
12458
8709
2660
11704
14218
13330
10135
13001
2270
1885
6364
2672
446
8498
3088
8888
5923
10669
4003
9746
9450
2015
8317
10947
9700
9120
14081
6448
6956
1016
7435
12032
7222
97
5880
6138
10397
2947
11244
1854
13816
5849
10393
14778
11237
10861
541
6449
8201
3270
3965
107
3111
13272
12353
1189
6635
11234
14500
9
9310
10276
8605
9669
302
11040
8877
13723
4765
6977
7679
5437
6149
3852
14386
12612
2395
6615
1005
8840
3702
5615
161
10581
7554
6483
5785
13561
12964
5006
3922
5650
3667
13685
6959
2901
9235
3356
5651
13755
5153
13624
9202
494
10341
1151
9829
5620
4404
14192
6089
2890
5493
6371
6813
9277
5561
2687
1916
13579
12513
3250
1869
8675
737
10468
2914
7446
8292
10434
8843
5698
13768
8269
2011
11814
13646
13430
2238
4034
7977
4486
37
5401
5492
5224
3585
10314
7286
2943
7712
14469
11211
5588
4717
14153
520
5537
9771
14515
3161
4996
11380
7522
9278
10067
10856
6648
11867
12392
14796
5886
10327
13820
84
4159
8620
8619
4078
4953
2202
3167
12328
12522
6482
13270
10492
4425
3300
12524
9307
6543
7266
6127
6647
14090
6650
11766
13750
10479
11863
10185
4301
10462
6051
2892
874
5346
9129
5144
5624
564
4318
1244
13300
9171
8020
7287
13533
6915
7267
8167
6473
13200
14156
258
2019
10794
7244
14187
7165
8282
13899
12751
12114
4052
665
7745
6191
8957
12267
7709
5379
11656
7024
8867
14180
12515
14950
3940
1291
8284
14629
12593
11419
4950
10493
4421
8277
12610
14196
558
13852
8281
10177
3793
13225
3417
14450
3718
10990
7205
3220
14569
6644
10143
12113
8221
14106
11868
3693
6998
3357
8104
10315
6165
7703
13724
10353
4011
3564
716
10366
3565
10559
12808
9311
268
13154
14086
11748
14291
10280
8940
12106
240
9264
12125
4941
4179
12999
13286
13118
9832
2512
13147
11215
11988
13315
13871
4183
420
3824
3308
9234
5851
435
7349
7946
871
1416
1429
13078
3955
415
2717
10166
11424
14897
4374
24
1100
12107
9478
8228
12767
6167
12858
9794
11499
7611
3464
12847
112
10144
12679
6673
80
10668
477
10214
3963
7321
8185
9184
3237
869
10455
14715
9466
7965
2538
4375
10908
8256
3788
63
4074
11635
13684
3967
7269
7379
221
3236
3323
48
7152
9362
14253
8468
8776
8200
7364
10307
13903
10088
9766
13902
2985
1897
81
10335
8770
9365
5420
492
4459
11658
7348
6057
11896
6150
3212
12534
11563
5776
9295
8353
4419
11926
6640
11086
7826
15106
3631
7385
10804
6626
1294
4428
8531
2361
9928
10212
9230
14556
6054
1493
8646
5172
5011
10743
448
3420
14464
10742
7027
7970
12609
11549
7014
13652
10472
8597
1315
6992
4424
11082
11432
2128
14904
13274
12014
11155
10395
12613
9238
1421
1825
9531
10841
13851
13827
271
1096
14266
10806
14940
7484
10244
10297
1849
2816
14754
5924
2023
13115
8357
6383
5398
10113
3325
6100
6527
11455
556
10205
12415
10805
2671
13066
784
9327
9827
8613
6917
224
13140
4991
10261
500
12941
8729
11052
10266
14714
14467
549
1743
10966
3428
8567
2127
14533
13786
10198
14944
12697
13778
12083
12121
12907
11838
3474
9422
14582
12580
14097
11985
3313
13815
8772
13882
8144
9106
13875
7684
8648
7023
441
5777
11749
13171
5700
13172
12263
11990
10810
10809
10452
13209
2870
4085
2989
10772
9710
9897
11932
1483
13336
10329
12082
7101
4942
6547
2364
10989
11313
8653
3925
2571
13247
3939
4291
1357
4264
12514
10463
1266
3778
7463
7240
12320
11731
13015
8575
15054
10667
4414
11458
15057
2860
3762
9729
5387
14866
10099
5257
11842
14171
7759
11133
4727
10531
8025
7594
11213
1744
13378
12691
10842
13120
9570
13228
13508
7035
11923
8854
7412
7935
6692
4284
3579
7334
14043
7453
14986
7644
6822
14899
14255
515
8921
2145
13064
2723
7924
9918
10392
10368
2207
8720
2016
4266
11784
9656
10112
8807
7819
2733
6890
6523
726
8806
10157
4289
234
9135
2772
7996
2682
7378
243
2022
4176
13175
10758
3845
11436
13167
3072
13510
7890
7748
9267
11775
5139
1335
1321
1014
5656
13467
11934
11197
10930
14147
7768
7779
3392
11939
15000
14516
12259
4408
7151
11126
10700
11861
14292
1410
2602
4071
10248
4527
9518
12451
9759
10587
14146
7540
9270
7047
9321
13353
12614
1716
7738
9984
10399
5517
13278
3712
14989
12592
5023
4045
7314
4531
11802
11453
11972
10624
2718
6258
6257
7280
6256
2182
7593
7147
6190
8874
4791
6812
5861
14427
10101
13480
6422
9745
4785
3607
5094
7603
2601
4292
1881
8148
9461
13366
7952
8161
6607
8364
9917
13740
1892
5551
562
11457
10454
7590
3988
9397
9689
13357
3826
2230
13465
5947
886
6188
13582
9482
11639
12436
13396
14858
11095
3926
353
13925
3128
7228
13215
14996
11363
8993
3945
10899
13727
9780
11540
11065
1179
9801
4347
369
12342
8679
13607
1228
12365
11535
10593
14205
458
14331
3170
3267
10904
6002
14472
8427
686
10648
753
11042
4047
666
12649
9040
14046
10588
14345
1468
7447
5335
1000
12386
2407
8612
10790
11829
7388
5569
2318
695
13719
2351
11247
1129
11654
10039
8091
1945
11017
5973
22
1478
5347
14285
4099
3558
2192
7767
14021
13610
14297
2323
2779
6119
12623
6
599
13659
14824
11758
2708
9949
6698
13592
2438
3384
3243
6893
11996
12434
9948
13779
9330
14846
5975
10005
14776
13033
2916
14342
3335
4578
6744
10221
4974
4676
7182
9503
3141
4625
12086
4545
7177
5549
5035
2158
11880
4564
13489
1572
479
3575
4196
1847
3001
4611
2929
11941
11480
4026
10375
14052
12101
2094
13271
13264
4632
1715
13935
4233
3947
8041
10532
7645
7327
2316
4338
13801
14707
9016
6439
13615
13921
11289
7894
14966
5676
1981
7825
14974
2359
12839
2586
10417
4521
10979
9015
8382
12574
6245
12310
1584
10572
8120
14968
6324
1180
7691
5815
9628
4906
8782
2691
4191
10364
10500
10699
10390
14323
785
4207
6740
14962
1221
14227
2590
1178
10038
7450
12935
728
273
12087
1605
13968
10924
6758
344
217
2925
12207
2745
4629
2719
2780
10091
5037
6058
11348
11619
15048
12543
10601
12164
12533
7374
10992
10590
12370
14462
14414
6924
4184
3673
10636
7293
11751
6985
5961
3266
11180
4753
4533
10771
7895
2607
2503
2605
10192
1650
5846
9490
4815
5292
4171
10943
10690
11534
15068
5932
10240
14889
11691
982
906
2597
1793
7883
6858
15110
7306
15069
10410
1690
11249
2379
12265
15078
7658
14784
10626
10378
10340
10391
7785
8933
6276
4368
10558
13138
10186
3007
8718
10154
5764
13142
3423
2699
7229
9045
2045
7231
8453
1466
11826
2254
8118
4688
2167
7359
12440
1880
7535
14720
12626
1369
440
4400
8004
14397
8395
8152
950
9336
7776
8832
12864
7986
7107
6206
10175
11747
7313
2125
14217
3917
10004
1568
3875
8354
12224
6221
9342
10477
5580
8400
12875
2633
7973
13773
10319
14933
2494
14583
8431
1405
3893
6219
10326
7150
5586
2450
2052
13039
14199
4463
5295
2646
4349
11188
1595
12426
711
7108
8356
14059
2051
4783
11807
4157
8007
9389
5652
10889
9682
9660
10865
2549
9693
8193
12251
9892
10453
11104
775
4346
1274
6987
8547
9052
3756
1570
4258
1469
7781
2599
13941
713
7520
7764
3807
3799
3971
231
15031
9895
597
1037
2188
2645
4283
10317
2677
7956
10448
12889
12581
13191
6960
4304
2226
10136
7146
10887
655
10731
4381
7964
11286
1214
724
7427
7708
10251
10726
10447
10545
7751
12183
5636
11607
10059
13464
5867
2960
10729
12902
5282
5385
12822
7549
1941
4735
3620
1751
9945
10571
7744
4769
7974
10061
10633
6808
7688
4784
12253
7386
14174
717
8783
1004
10635
2851
10598
12423
9898
1358
4747
4799
10000
7176
6236
5483
11421
12124
7505
4837
12640
12496
14893
4280
3635
10570
4540
8996
12511
9511
7755
14822
4166
9615
7722
1556
723
9418
2501
8492
14200
4710
10513
7681
4700
9867
9366
14135
2186
2183
10634
2757
10223
3679
10621
13148
7292
10411
1665
4857
14542
6570
1564
2681
10171
11435
5703
9662
6848
2169
9370
5592
3655
15092
1121
14103
5365
8908
7746
9654
2047
3639
10839
8966
10776
5913
5485
12330
708
333
11488
11844
2613
707
3422
6303
6617
11682
10817
10503
14186
1640
12571
9796
3619
9880
1698
3411
5800
6810
6818
7465
4789
5062
5842
1202
9688
12341
2565
8734
5558
9449
2174
7204
9232
10893
6816
4803
10847
4380
12252
8985
3352
8223
11365
9460
7886
3923
15001
2592
13061
14363
4808
8658
6588
12025
3858
12497
8824
9395
7808
8983
5856
496
9596
10049
6220
5752
1365
12633
15065
8655
928
11783
7696
14999
10763
9597
10995
4180
2135
11409
5251
8090
9003
14843
12632
10369
11058
1387
4302
11171
14939
2170
10213
12873
7043
12829
10533
3123
5814
10351
8503
4537
5658
12848
12153
4729
12857
1105
14425
4838
7638
5780
5992
7543
12127
7502
4750
12295
1773
12187
4780
218
3662
6832
11745
7051
13111
7832
10437
13165
11965
2585
6796
7566
6937
11862
9226
1653
1286
4060
12677
12217
3516
423
14541
10945
11845
7452
11382
10415
9317
1119
7384
4701
4309
10685
2046
11936
1295
11859
10580
3920
13354
9227
11089
12734
14099
14077
11746
6691
2216
14104
2224
6775
7495
7567
4697
3041
6704
4015
11280
15043
6805
7561
9600
1710
5683
4792
2807
7058
13842
9663
12841
5506
11437
2971
9132
7718
12255
12541
5026
4790
13938
5732
1125
6306
10097
8049
5150
9951
8628
2886
15038
14656
9802
4740
9431
9757
9193
2853
3724
9294
9977
13040
12447
14549
9691
4778
2580
866
6820
10646
8117
4702
9398
12182
2172
8592
7963
14203
6889
4634
14661
10100
15076
1213
6399
9000
3124
10759
10120
2217
10652
10574
9065
6964
10676
10521
4230
11329
2389
10405
13462
11493
14202
9538
1611
718
7144
10868
13662
11074
13069
2338
10614
4977
12621
7042
10237
12563
7011
4667
3921
14182
1903
8434
8549
10850
8463
8251
11771
4267
4137
7281
6946
13163
424
9359
2476
6210
14102
3577
8816
7099
6859
13461
8688
6861
4949
833
7053
7905
2859
10063
9377
5522
1284
12446
2448
1108
216
6601
7695
5663
2557
2561
10052
4999
2447
7282
6244
11913
10946
6910
11490
8820
1212
6395
4596
15044
2421
5966
13460
12552
13312
9512
9357
11320
7903
9302
6746
10178
12424
7093
3828
633
7163
14204
13376
14758
4571
5040
13298
11781
8851
8913
11230
4464
4605
12276
12556
12111
12555
2010
14943
6001
1379
10542
14234
9283
6252
2736
7723
6729
4980
2189
7008
2119
7318
2990
13647
7635
1999
14271
12877
3448
2716
13397
10190
5342
4548
1496
1775
8981
8912
3593
4359
4587
6281
3847
13297
3827
8334
5976
6732
4592
2596
3744
6264
10491
6294
4559
4638
12396
6489
6354
9206
4618
4603
1283
2093
8030
4562
11757
15029
6539
7575
6970
2262
4275
6114
6098
5440
8425
11958
14498
1644
1102
5906
7907
367
12142
6277
10630
2815
7572
10502
656
13302
4195
14002
3120
8827
1952
3370
14646
10475
3377
6538
1058
12266
4303
12203
10898
9609
12837
12304
4606
6737
3891
7889
1613
8319
14282
7178
14901
7583
12329
11947
2304
1359
12204
8195
9394
280
2399
11239
9884
7433
5772
1551
5805
8249
6872
4825
9211
3611
3610
1068
5424
2575
9076
15083
3466
788
13332
11076
2510
3461
5177
9472
7868
1830
2282
2104
9716
4332
4294
10782
7073
10661
2548
8088
3648
12084
740
9064
8076
7258
969
8038
4990
1571
1042
4823
8902
6274
6273
14460
9131
10802
10800
10957
5818
4282
11349
1915
2759
12013
8150
10798
2623
2763
14839
8027
5858
7249
13150
13379
10133
15012
6969
12698
4401
14268
14771
4566
14273
980
11765
7602
6826
10617
10654
9491
9152
1908
7084
2268
8719
7900
9340
11764
2445
191
11513
11627
10797
3114
903
11815
6340
12186
9297
3475
14279
3993
2110
8569
7458
14519
1044
10291
11470
9610
89
11694
4905
12605
6792
13086
14789
8012
7020
9217
6323
14274
14226
14954
7821
8823
12828
11787
11061
12311
4407
10895
14441
9552
13937
5835
9349
1917
13804
10242
7804
8504
4658
834
10132
8819
2702
10640
6715
11894
8131
5991
7276
11949
2794
12900
5872
6209
4378
11959
11648
11423
8147
14465
6844
13294
14481
6565
8021
4006
7938
8146
9623
12041
4187
8948
4644
6318
10698
4763
10663
1864
11301
14037
4814
8155
12269
11948
2492
6593
4589
2257
1325
2469
4682
12565
3396
4530
12367
13322
11973
12618
14915
11029
9348
6544
8067
1909
9347
1619
14641
1560
1563
2069
3492
3164
7600
10653
8566
8953
13314
11690
6272
4298
4325
6733
14322
8073
6583
2081
4356
10110
13769
6723
4560
10975
10222
12307
4956
13791
1624
13996
13677
3761
14884
8945
821
12236
13651
3898
11245
3874
14493
6566
6418
4370
14277
2234
12803
7221
8211
10546
13824
3446
7680
1853
1154
6467
2349
5036
7870
13029
6950
2451
1032
6597
1471
4834
10102
10220
10174
13965
11991
1489
8314
2991
13612
12096
710
7579
4042
5782
9143
8969
3660
8196
3752
9986
7601
1552
1267
5766
1036
11970
4189
1074
7836
12085
1269
1368
8409
90
5725
11951
8870
2260
9159
13718
296
7206
12200
7925
14534
14060
5662
14296
11962
933
3694
13212
7704
1857
5262
13277
7193
5801
3419
2309
14703
12695
13380
11422
8242
2987
14270
251
7762
3506
12519
2866
12466
9387
7787
1798
12313
4659
12296
2136
11538
9130
1788
4333
10145
9195
291
6291
3755
11090
13089
4575
3548
13988
10466
12772
11196
10489
6855
2352
11995
1356
2340
4263
9353
2284
11253
10128
10156
959
6243
5091
13261
5353
3478
14513
5355
3949
9177
11312
6735
4663
1373
11992
13661
7194
6906
8241
10429
14977
11297
7917
1043
14774
14689
721
4828
1846
3404
15088
9002
1779
14544
14635
12845
4904
3402
8031
6216
5908
4901
4324
1071
1501
6720
6229
5534
8644
5252
14398
7159
10247
6880
14005
3868
2403
1168
11165
5089
12833
4861
7296
4569
13676
4322
8594
4591
3717
4069
6332
12662
12729
12221
1233
1122
5806
3431
2289
2753
4844
8018
2114
13915
15006
3003
8097
10161
12762
7272
6232
1367
2118
1227
4622
5836
3751
3897
5829
3933
13024
9289
8514
10639
11292
8947
7570
4161
4437
10683
7067
12834
10201
12472
4851
11857
14006
8013
14787
7283
5793
1372
13670
3904
12131
1072
15091
2203
3543
11943
3453
2219
12821
3987
9244
1451
10149
8112
5833
5857
284
9158
9872
1633
11728
593
308
10733
14815
8143
309
2998
321
14875
9285
9245
9291
14900
9251
4898
9250
4116
10001
4612
6598
12494
14917
2064
12749
7692
10332
4932
12220
3722
2651
9092
10303
6205
1211
10232
1772
3414
2392
1067
12730
8868
2930
13090
5343
5180
400
197
10234
13326
2591
9407
210
14854
3624
7574
8188
11478
208
8218
4348
4005
3736
4334
1349
6605
10914
10735
5199
10380
2116
7731
198
7800
8315
2468
14802
6224
13303
5477
14855
9197
10584
282
6592
12369
316
9328
14868
215
6741
9107
7279
1351
12049
8058
5175
8668
854
10853
10855
4862
10536
12770
11827
6763
295
14770
4268
6559
359
14228
3634
8898
10310
1815
4478
4886
1226
4326
14991
4443
1322
8412
10430
11843
14772
10365
1299
1535
8552
1334
11323
10116
4156
5639
11068
66
8014
13716
318
6407
15033
2321
7039
67
5467
776
10556
9053
8443
8779
12818
13565
10701
1976
7489
10568
14957
8087
7209
11610
5787
1920
8066
14810
15090
6442
6728
11367
8923
11830
4624
1348
10197
795
364
15015
2082
10459
9055
8384
7140
12740
7789
8077
10712
4504
6925
4908
6406
9082
1844
14871
8005
7966
6546
2473
4590
14163
2320
770
1683
6240
13711
9022
7214
6199
9149
830
2235
213
5820
5783
4215
4881
10519
13391
11164
10884
14494
6899
11284
1781
1678
6702
6322
11116
4526
14731
7838
7141
246
11579
13121
11572
12344
2391
10611
6834
14838
7969
13279
13752
2814
10675
10402
6414
4509
7726
13776
9168
4479
8518
4621
8601
920
14913
1648
10885
14539
5985
2417
4270
998
13399
7184
11828
6465
10360
4307
2057
6237
12081
1136
11509
3732
15032
1510
12512
2760
11578
10578
12160
11295
9090
2782
1975
7686
8699
4436
13427
7790
5951
2932
13260
8413
8040
9148
320
14482
10725
7941
12168
7052
14650
1804
11917
6242
4010
2988
11486
12642
4190
13979
9169
9337
13365
9113
14851
8186
7196
201
4665
5876
1996
2105
1333
14034
11176
2115
4845
2652
8089
3458
3822
1890
10146
397
11956
11644
7065
3479
3809
4461
7743
14732
8589
4661
7102
14757
7656
13299
11977
13725
4664
5393
10155
9021
7216
9102
7689
756
10812
1679
13099
2454
2160
10473
12546
14164
10765
11786
13346
91
2330
7415
11454
823
8060
12544
2570
6553
827
10548
15026
3817
14411
10490
1567
93
14877
14333
7119
10766
6620
15089
14251
7256
7393
1187
6270
11740
13638
5769
4648
609
14994
8042
12210
199
1449
2193
1845
2724
13611
8834
2272
10308
13107
13106
10371
4653
4439
15009
3838
810
930
1389
4595
8529
2676
8039
7089
15093
9243
8033
4251
10583
14437
860
6485
14972
2740
13031
1499
8045
14680
8930
1561
2232
5767
4614
15046
4465
5527
4450
14278
10162
12375
13102
8297
12912
10446
6211
13807
6434
7104
4141
8121
11254
8044
8526
13060
7424
2505
4312
2573
14248
9093
6457
205
9599
12388
8181
10200
4245
4852
6996
11591
31
15037
10336
10339
7291
3856
803
7149
1811
10976
4216
3876
14246
8553
7116
12764
3651
4397
4030
3421
10480
8496
13343
7316
7897
4878
8219
5372
14756
9071
8086
11495
6018
10318
1021
1858
14997
6460
4582
5532
12819
14907
11449
3749
12325
2669
10139
2287
12548
8338
10650
6854
13276
2208
812
2385
14329
3836
10312
4227
12158
14652
6751
10117
5898
12937
209
771
3863
12020
10152
2795
10218
1407
698
10953
10413
8098
4372
4438
15085
12842
10331
782
12954
10618
4213
7392
7586
2101
10961
11368
14902
1834
14162
10552
1949
4948
1452
4902
14930
7955
4031
958
10881
13675
7347
14032
8197
4670
4631
2276
13190
7728
12955
6296
10925
10401
4671
8333
13989
10387
2477
10322
10789
7797
7311
195
2106
4866
7778
9488
4604
11541
13193
1797
12714
10440
6734
997
8692
11216
3980
1326
8204
4490
824
10230
4385
2499
6864
11023
7259
1841
2113
163
8293
12046
2786
667
6509
3054
12290
6046
2737
13334
9876
3627
11024
6228
12722
14653
12825
829
9145
11586
6839
4523
10130
1902
12542
4485
12358
6636
4448
4440
2456
4185
14244
8593
13627
6454
7912
7252
4594
9081
263
10481
7080
10539
6718
4608
9507
7274
10122
8079
12843
223
4934
10680
11526
2756
6455
3899
4643
15080
10450
12244
1029
2066
10678
10168
6886
4133
13475
7802
11645
13325
5591
2731
14432
255
1684
10576
4202
11494
7954
11613
10714
13159
10575
15034
1252
7363
12277
537
4243
8571
3842
13174
10181
7156
4573
11366
14762
8684
13283
6446
15030
14959
7044
7902
13426
12343
4525
1851
4452
272
4649
9014
14719
15036
1330
10311
1686
8682
7483
10555
6736
4574
8243
8743
4651
6757
5859
1374
10209
7064
4623
4570
6437
11803
13259
4579
204
7480
5633
12175
8116
2263
8748
6865
7464
7217
2130
5950
7079
2574
7867
5770
13745
9086
4398
6203
13656
13976
6853
12368
7730
4588
4376
11159
8016
1517
6397
8454
1901
10507
13691
10777
7333
8615
11225
14960
12100
2485
8105
2173
6824
4813
14318
14876
14919
6347
3537
14918
13911
842
7864
11012
15081
4877
3606
6486
9078
10655
3692
11296
13063
1557
14882
2761
7309
778
1850
3895
2426
7923
13930
2325
7070
12830
11922
13339
1319
1933
14870
9319
14973
7951
11137
10820
4451
2388
4915
12898
11955
5914
10323
5825
2739
12371
4698
12804
11016
11980
4112
6841
4271
7368
7138
7059
2290
7788
2065
8726
12264
10169
11020
1020
7801
8974
8248
14300
14872
1770
14925
1681
1914
3425
13448
8302
11595
3406
9085
4581
12195
2278
3426
3119
10518
4194
1352
10362
4238
2298
1392
4597
11836
6582
14898
3358
13319
13890
916
12465
7111
4672
12596
3534
13218
9105
13633
5426
12820
11733
8837
11954
11817
14261
15082
841
13950
12827
7127
14928
6874
10488
7479
7891
7326
1088
11984
14964
13091
4849
8436
2300
1229
11398
12493
14976
4642
7772
5090
7774
9219
4833
9255
7937
13098
11416
4506
13657
12191
4149
4768
4943
4983
1055
3430
6795
696
8588
14927
14321
6424
7132
13715
13092
5625
1680
1375
820
13265
8240
2039
14892
299
9254
2312
12256
4811
14760
12050
5630
11195
6533
6876
780
2496
5351
14920
12094
1660
7391
14874
6466
7742
10643
4217
2072
14881
9292
9515
202
8741
7085
14852
5526
7854
859
8515
7066
4449
12481
14971
8472
2659
9194
12717
3802
315
4226
2233
11447
905
8129
14730
3805
6756
9326
13566
7090
363
8680
7609
13602
12643
844
4441
7273
4354
12471
8391
1586
4214
5781
9103
6200
4883
3441
14981
2784
4102
8179
10929
1787
5765
13110
207
7650
9222
13795
2322
14910
13549
11963
8530
918
13583
14014
4220
3502
293
6840
13640
13994
915
9598
14809
1829
12895
4666
8065
13886
9627
13156
4442
1439
1687
922
7469
7061
14911
4218
2437
10954
13105
12281
4627
13975
10478
9100
14161
12876
11472
2819
6510
10520
5768
11428
8621
7261
11577
4155
8078
4646
6478
13751
772
6724
6321
10637
4210
6755
548
4160
13978
1320
4600
4583
12769
6908
10164
11285
13990
11402
12721
9144
1972
7297
10142
12280
12056
979
1799
15013
10384
10129
6571
7148
11298
12595
3102
9504
1465
49
7352
825
5794
579
10791
6260
7153
11818
247
6438
6401
10160
8737
1097
13678
10207
11590
5317
10902
5116
10965
12660
14645
7225
849
10958
11226
1217
6298
9117
10674
6154
1364
1497
10210
192
4989
9122
999
5978
7215
14636
11417
13545
4502
13991
10141
2299
6885
1522
3101
6377
5134
10396
2333
11224
8761
8184
1477
1109
5113
14051
6911
9066
5874
3833
7109
4635
11223
6892
6703
8929
2348
4609
2111
4633
2387
7942
10828
13696
4507
10131
8474
11158
4647
11927
12279
7901
8057
9246
11056
13144
11761
8366
702
10745
15014
11851
3645
4113
131
7478
8683
200
1713
704
13889
1594
10403
9626
11115
10123
11744
11536
8046
14263
11919
12043
10964
8379
813
14338
4563
12894
12702
7485
10386
10963
639
11407
12732
7320
6856
2791
12362
4247
1069
9500
7233
2830
919
7268
3020
5135
11193
4568
10400
4637
13571
4584
7207
6825
11258
1354
6484
12339
4524
4640
6759
14317
5070
690
12790
14912
5290
10886
3462
10822
5330
8700
8035
660
10724
13220
11646
12361
9316
257
12947
3375
8182
1479
4469
10710
2305
6671
6475
11993
11653
1132
8210
4542
6335
7676
11057
4821
2261
6532
13955
5136
2286
4235
9957
5466
9229
4484
5316
4707
7370
1997
774
14364
14538
5315
1317
7773
10126
2138
5539
6933
4394
1377
11288
13616
7018
2313
11940
1408
6761
1900
4657
8519
7263
7254
4620
4114
10528
1172
196
11487
11227
5047
9492
1347
14890
6202
1225
14674
547
15056
2713
3834
4585
1075
2729
12143
12326
6606
14811
14965
8330
6208
11860
3701
252
12901
11221
13922
8614
7647
1966
3500
4396
14845
14298
8348
6545
11974
12659
12385
13085
10577
10801
703
1366
6463
2279
7135
10487
10613
12933
10216
2409
8999
7317
8212
1386
8440
12656
8596
2244
10535
4654
7112
3883
10786
14286
760
8678
15011
8810
10523
4395
6464
8024
4599
9318
14690
8037
3397
10723
13433
8036
4315
13997
10108
4998
6619
8777
7264
12880
1746
212
7710
9498
13124
13653
5673
6334
13347
6278
8043
3886
12916
2380
12977
9204
4960
12622
9083
13267
2250
2255
1500
5622
11194
260
566
6253
1219
8971
832
3149
13439
14813
12578
12914
4029
12171
2875
14814
5115
3016
3443
5471
1028
14485
8920
13513
14663
9133
11622
2502
1581
8051
6311
5117
9075
8402
1223
11240
75
13008
8444
13407
10040
14410
7255
2281
265
13597
4140
12346
10560
4115
13918
12736
11521
13780
2151
1027
11878
808
2663
2246
1530
7337
5427
3401
3079
7397
354
12192
1778
8009
8047
14786
8034
14878
7251
6231
2308
6468
2294
11414
5303
9089
8187
4240
14798
2610
7416
1130
10428
3066
7682
5713
3896
14799
4931
4350
13295
10506
7655
8362
6505
1242
11571
6557
3538
10641
13695
6730
6957
981
10501
11028
2143
12625
8156
7798
8064
4897
6355
303
13658
6249
1848
10104
7049
8050
3841
7690
4576
10426
4320
514
13967
13810
3935
1167
11403
9240
11924
12208
7185
7990
14647
1685
4565
14151
996
2221
7481
11864
13981
7270
4237
4148
10294
965
4299
13980
13234
12317
6973
1390
6019
8015
2746
14651
6436
13104
9215
2769
11181
7488
14914
6762
5882
12768
5984
11501
1861
7598
4872
13600
8092
779
14013
7608
2103
6995
11146
781
2418
1138
13080
1341
13179
9020
10905
791
13605
14245
2446
8435
3134
1150
815
12924
6652
10955
8070
13665
3894
14847
13257
1621
8316
461
6279
973
5137
1910
5114
3887
4232
2921
13481
1301
12427
327
10824
9959
3390
11517
14344
13701
8367
10627
5104
14673
831
1777
789
45
11650
11429
8055
5672
5868
2876
438
11869
7190
6329
7195
4882
14447
5099
3936
8305
13101
8080
843
2277
14675
1926
3528
1801
12340
11272
8672
848
8838
6982
5792
7816
12418
6902
6981
5080
5081
2264
7219
4445
6474
13350
4546
8084
5870
4733
87
339
2377
799
6266
794
6511
13012
13822
8952
6198
9506
12934
4613
7585
9338
876
12177
5711
661
11618
3403
13805
5305
7493
1540
4706
1240
5182
11821
9909
6389
9621
7678
5304
7387
1237
322
5275
807
1984
1173
12230
3085
6922
1507
6743
4617
8126
1641
1503
8701
14848
525
7945
5819
8836
14594
11805
10030
14351
5986
6589
261
10615
3104
6742
4615
13443
8767
5362
5171
5176
5892
5550
4836
4870
9165
5974
2085
9094
11278
8738
6307
8631
12737
5885
60
2657
2371
3647
12575
14049
9139
12228
9153
7298
5302
13263
10522
390
10309
10919
5065
11688
5075
9566
5187
1462
3083
13011
1592
7271
10603
3082
5399
5434
6696
14595
6491
5152
12892
6033
12372
12911
9905
12316
3650
13238
7234
8731
14649
9025
2273
1378
7120
4630
6750
12786
14262
11228
11719
14054
9157
4075
14357
12887
10541
86
4153
13290
12196
9027
13821
730
1946
2741
4580
13289
4387
9059
3100
13321
5098
13236
12356
4715
10761
14679
1859
1614
12624
819
10054
4192
10883
14264
1472
3295
2722
14597
12753
12232
14727
516
7154
5810
2332
14808
1862
7015
8901
12048
13953
7482
1911
7516
9601
12092
6745
4619
6416
11496
4386
4556
12116
5240
3099
3818
12030
13003
9501
14785
4435
5971
13275
4900
4293
1135
7430
4497
3855
4491
1502
9088
14409
13103
6725
988
13628
6866
10527
8438
1629
8954
4239
14970
12811
14332
9920
10658
11268
12953
12462
14443
1419
8053
9753
12551
5109
2353
4616
12733
3067
11651
3296
4965
5708
901
7324
78
7466
8821
8419
7616
11022
5607
2463
44
12181
14238
13608
7661
11516
12430
2004
5877
685
3056
5279
5242
12241
13914
8123
5002
12226
14617
3646
2381
142
6000
2176
2817
8234
14056
11518
2175
3012
777
11001
1836
5907
3306
5875
9023
409
2355
5340
2331
12453
13568
1413
9843
13803
607
7517
1176
13323
2408
3801
1491
5750
5929
1174
5357
10420
8237
9486
580
230
11767
627
10106
1544
11519
4079
1958
14826
7740
14524
1632
12727
11715
1361
817
2614
3387
53
5077
3153
642
8063
13593
1762
10068
5286
1420
5582
5051
6632
2482
8062
10184
4328
12590
7673
13954
3014
3018
7105
596
6372
7381
3381
14791
14417
10423
11481
507
4997
14702
10814
7581
7367
3333
12782
12826
6069
7865
12801
12667
11150
4126
4492
12098
14483
14596
5074
2126
34
9502
14028
13790
14320
13812
11961
13478
5865
14439
3002
1800
13449
2902
10187
6118
7345
11683
5807
148
5149
4110
12246
7607
2005
2040
6181
7425
5111
5406
11261
3948
12222
3878
7319
10167
11580
5599
2478
2423
4552
1142
3131
9585
2845
12332
14365
176
650
12242
46
5120
7361
9213
1400
7389
4363
12047
227
2148
14497
598
4142
14568
692
3029
10032
5727
5528
3060
5207
4096
14769
14768
7100
1418
1238
14849
6490
9591
8781
5124
33
9544
1609
4295
11271
13760
2843
12194
7371
4174
4154
4887
10892
12688
1077
1481
9147
13079
13036
3481
14616
6672
14185
1396
12384
6325
6055
14801
1700
7628
1164
14574
1417
14368
6514
2535
12380
5384
14952
5983
3006
877
6027
14916
6788
12454
6584
8471
13553
9736
6975
4388
1520
4269
5723
12190
14039
11460
14559
6362
10911
337
2237
7662
5881
2618
3442
2471
14239
11723
5583
5060
8997
2838
8583
7551
1290
1062
1515
1157
4713
14256
3341
5198
2836
5019
3757
14136
13122
8368
7503
13942
12993
3517
12123
11834
14613
12189
13128
11420
3346
7288
3342
2053
8260
9675
13498
7508
5470
14003
9161
10271
7095
8142
9233
1118
5745
12792
13371
8527
1838
12478
463
3779
5736
7625
4366
3272
3176
2124
4013
5499
5812
10243
11911
3735
3508
13006
8107
9946
4409
8976
14696
2197
3613
4411
4077
4019
3071
8311
9300
357
7771
4367
10337
9767
6116
8208
3942
9711
9797
13528
12694
277
11343
12559
13668
1081
994
2868
14400
2523
129
14953
12952
1188
10952
9574
1064
927
5416
12169
10589
14767
847
637
11511
5832
9414
2021
12840
8884
9906
10441
3362
3983
9473
2556
12141
12301
12008
3837
13425
14023
12976
3363
517
3070
3794
5088
14007
4406
8636
9804
14941
12410
8803
574
11039
9728
12005
4051
2044
570
9613
608
10694
9825
10703
8361
13196
12587
105
5759
1989
12969
6346
10442
7834
13479
577
14173
8385
7558
3162
175
2955
11632
13370
13160
10752
8513
10619
2912
11384
9315
5564
8922
12334
11170
2616
2156
83
9391
4738
13531
4820
2861
12479
7750
8559
14096
11874
8274
8286
5686
8651
11328
3938
9203
12794
14520
10495
5344
3576
6214
6310
6037
12477
5722
13511
12354
11669
4317
8328
4119
242
9312
12905
11847
3640
13645
5653
238
3252
1702
5637
11793
12689
11933
7405
1183
11887
5562
3447
13787
5657
11476
11750
12755
11468
3745
12724
10298
7736
11846
7872
3924
1882
7752
13112
5183
5174
3305
9134
12520
4412
4771
10863
8273
6961
9731
11624
7992
6780
426
3388
14149
1749
6506
5690
6412
13539
9841
1271
7541
6966
4383
5850
12746
8919
10915
6781
5516
7713
5669
12139
10848
13512
7315
10959
11461
1160
14668
14677
2567
1104
13735
14404
14657
2639
11238
8544
9840
7753
2357
2227
8548
6495
9201
3273
7536
12680
8466
12283
4824
6492
552
8352
3042
1404
5140
13617
5587
14168
1956
4382
1843
2209
1651
10445
9848
8476
13832
10738
4035
14422
11792
12570
10713
4084
74
1289
7671
2983
4819
9809
8245
11832
2532
11233
12102
7226
13891
8540
2139
8640
445
12891
11882
3560
12273
5860
6811
1812
13374
13798
5589
9447
8635
8663
4858
11822
12076
14304
5382
15016
4014
11265
2883
12109
3716
9901
6390
6391
3520
2472
9037
14951
1855
3157
348
13013
9835
3616
1280
2963
5598
13537
6394
6852
6392
457
9718
13506
13808
8401
14027
12765
5495
8424
13573
13892
11103
1147
12654
5383
14724
4072
3221
8448
3531
5225
12476
9676
11909
11531
1293
14509
4061
10443
2857
2986
7241
3819
6367
9214
3547
10225
2547
5754
9620
12504
6575
8805
11779
3960
1587
1734
10086
9879
3941
14692
13706
8310
2517
2693
10292
13589
9852
6602
3638
2611
8485
13211
9781
8673
2884
14752
3578
14830
3482
5451
1063
2546
2303
5464
4716
14496
14938
14138
12132
7859
4044
2432
4390
7862
2926
12909
6444
1821
3589
5072
13409
7075
14903
12771
9665
9916
8349
8826
6111
13596
2841
9778
12312
11483
13007
465
8669
8254
12170
5407
7036
2569
7685
4040
11448
14157
8702
14444
13208
9205
626
14492
2577
601
8318
7944
689
12413
10718
9915
1231
8906
8190
12739
3063
2829
11013
481
11671
13874
370
11098
3379
2413
10679
4181
1430
2058
3541
11267
5027
11018
2903
11561
13929
14395
3626
12337
1273
10705
7633
3289
13858
6421
9404
10347
561
4182
6850
5566
4229
6103
6135
7365
6897
3326
4724
6777
3671
1426
219
13637
3674
10288
9706
13793
9256
5689
300
12532
2787
11190
9218
11727
7812
8935
8022
8215
12167
3206
5291
11537
7622
2480
10751
8839
355
9914
8191
657
7166
11558
10878
9937
10328
1839
6574
311
6122
2909
7329
5270
13669
5655
2712
12031
14140
5410
7510
5438
995
15109
182
12209
1191
10286
7559
7987
3021
4049
1204
12798
11047
4514
2324
8853
9640
11357
8659
3522
4660
1745
3598
1807
8568
3219
8802
4455
13828
17
5326
5269
5664
11315
12411
15096
12518
9005
9007
11912
14517
4357
1259
8708
11080
3812
7841
10836
10890
10087
4669
4673
2466
8887
3213
11172
8522
8705
13310
8946
1414
3909
5164
12286
5008
6927
3766
2275
13437
14141
2654
3017
14611
2688
5610
3690
2558
887
8533
188
10045
8717
4924
1083
14371
8759
5677
5108
3207
2545
3320
9636
3561
4921
3910
3599
3911
1196
888
3830
12016
13482
13984
3086
8712
1001
10770
408
11889
13796
1030
10349
319
8934
11066
5903
13204
11573
952
10764
14793
7844
9720
5222
12155
4286
14165
12787
10997
1513
1986
11885
1863
5431
5007
4505
9405
7640
14551
9399
3065
3077
11856
11084
2490
1263
9547
7173
10840
11444
861
3581
1115
2893
10869
10268
11450
13137
6972
1336
2401
9642
8539
11235
1049
5331
5953
11387
5010
3675
7646
4129
9548
3097
2280
1831
10
8371
27
1980
11100
1463
4319
12180
5205
9697
9374
9659
3632
12482
11210
8141
5553
12366
6694
13742
6079
13620
5443
9850
5509
1721
9713
14402
12486
9704
6688
1023
1116
3514
5640
4021
9479
8713
14084
5996
443
5375
11660
1823
6550
12305
14631
153
8778
7021
7976
8758
1098
4384
14956
8244
7794
14615
8610
10300
9257
6993
6884
13177
946
5560
3574
8990
2500
5306
2589
5265
4144
1813
1057
2747
11508
12243
3285
6719
11118
12133
11101
3467
13180
5468
3437
7988
8991
1131
11920
10900
5645
10716
1165
3969
2062
8048
13004
6133
3336
11264
2444
9274
1694
1939
5296
13351
2439
3194
11777
10385
8406
7975
8787
11119
10003
12464
4951
13873
13340
7034
5691
3628
10194
10373
13883
8205
14155
7991
13781
11568
8960
9824
13178
8301
12965
11553
6687
1353
8203
4062
6769
11466
11049
5576
10563
4786
13709
12073
1607
3196
13783
13421
14961
11567
12700
12257
7308
7307
8176
3340
8177
12235
12234
11778
2952
7803
1193
8972
1309
11111
3549
14543
9994
4131
688
8535
6040
4344
11182
11647
12936
2252
526
5994
10484
9987
14958
7033
14223
6083
6082
13344
12521
10289
2785
10295
4447
3040
12118
9717
12509
1250
936
5457
399
9508
7376
8931
8608
6066
4760
6440
11759
10344
3224
13442
7934
6612
7157
3191
12628
13269
14445
10304
8986
8703
1802
3590
2797
1617
6356
3861
3369
2798
6361
8323
13556
5218
6374
1082
373
8128
5667
14118
8753
10978
8943
2555
394
10969
9677
3208
7496
8860
14117
4090
1923
3407
2157
2648
2908
9029
8520
1767
3081
939
7793
8641
314
3591
12499
8714
10870
8331
5184
1331
5548
13884
11661
13083
14945
10769
7936
6168
6784
5661
5684
5960
13797
1928
9469
7201
7527
12449
2527
9451
12448
706
7564
5003
297
14832
949
11166
14836
10832
1201
3786
8962
9942
12395
7238
6522
7237
9411
6877
1921
5969
1866
11050
8172
7512
6697
14408
7780
12684
7497
5888
967
11307
13457
1873
954
12530
5191
275
9181
8561
5358
13544
10787
6882
6425
13237
8541
9635
9355
12112
10241
10125
8784
4487
12299
1865
3271
13601
6881
7369
4482
6106
14627
6357
1249
1766
10433
13318
8822
8800
2007
8137
8093
7784
7342
2666
15018
7040
6480
4231
1667
5220
7860
8850
6431
13585
691
1268
6064
2636
7631
9555
10262
9462
1192
13176
12075
3147
5064
7091
9339
4343
8490
1159
8790
1794
9545
7921
150
9680
7596
9386
6903
2465
7978
11378
6556
6384
4105
8894
3877
8499
3023
4037
7010
11199
14983
5073
6520
10414
14219
9859
11492
10324
8858
13557
6387
976
11566
9474
13598
13554
6907
12394
5613
9196
3049
439
6339
14167
5720
5603
6403
181
12314
8989
2087
6179
6793
13134
11408
8416
362
5125
1528
12856
9769
9712
14535
5965
4879
7861
10342
9457
9815
7213
6022
1727
11353
13834
5227
9373
2336
2953
7295
10940
8450
14630
4764
12646
2358
14659
1697
9694
3080
12315
7187
8238
8235
8300
3672
8882
5511
11379
4225
12285
9577
13655
8732
12364
2849
10704
6061
11689
12708
5151
2743
7828
12704
7896
9529
9589
1455
6618
13488
5128
5005
628
960
7426
11314
1646
6338
4982
3059
5004
3347
9641
9361
8543
5512
1234
1113
11510
14231
4138
4867
6920
14693
3669
14091
3385
9444
5370
10607
8358
7260
428
9921
7716
14628
2414
12636
773
8797
1411
11434
5320
8757
4743
9551
5310
4139
4260
5069
7811
4971
6059
3129
9384
9678
2744
14306
12707
14932
13913
8745
2690
3062
13839
9273
6007
14356
3118
8467
9779
8480
1134
14115
7926
14134
14128
8896
11125
2079
14695
634
3709
9638
2882
10837
6433
9379
674
9345
9925
3623
9101
11152
5093
7813
11259
4831
1938
9997
5670
3932
6513
1618
1278
663
640
13784
12683
11813
12021
13471
3456
12079
7560
5448
4467
3664
5993
7552
13999
651
4712
11801
11257
187
377
6695
14530
12026
9237
10082
4466
1701
9367
6658
5215
3051
2012
6023
10717
14463
4065
15039
7087
2077
1080
14257
10272
12942
13493
5830
11697
3728
5214
602
8017
9175
12119
6900
9648
12077
9305
12582
6653
10757
14729
4001
11287
3603
5021
4125
6269
9178
1558
3758
5936
13763
15102
3773
3472
4869
2905
863
3820
7949
6503
9514
6476
13630
76
2096
4468
5757
7766
1549
13971
1759
14745
8979
3163
9354
11655
12431
13846
2906
677
13702
7030
2483
8304
2484
433
13405
13736
15008
4964
3821
6126
6317
2730
9493
1947
10888
11664
5110
12638
9513
5394
4675
5546
12510
8788
8192
8452
149
11303
879
11263
9050
2178
12491
13861
8433
1065
664
13799
7848
4025
1573
3691
2522
447
11184
7677
14842
8139
2996
2508
12178
11413
7162
8309
3278
14487
3976
2617
4800
5596
13951
7666
2913
4681
12335
10260
13731
6530
8422
3309
14074
11093
14183
4695
13316
3410
3617
1887
2201
6088
11884
11698
13444
12863
3032
12653
11505
9324
4068
5982
4364
13698
12588
14113
13558
2410
14468
11359
3433
1730
8415
624
12138
12687
786
6124
14676
653
7619
4913
13855
6701
14880
8794
6351
11906
6341
11491
14749
926
10844
2195
13386
13958
5681
4310
8746
3759
10270
9605
3268
3760
3867
13358
1220
13251
118
15023
14655
4108
4723
2608
2241
5446
6815
4802
670
755
3873
12162
7305
5235
8637
11231
4708
13189
9452
5789
13131
4922
11131
962
15
169
3659
2832
5930
11128
8410
11806
8299
5779
6189
9269
6657
6821
1601
4809
13143
6831
13555
13268
1822
1323
5977
14739
10076
14025
14366
2152
4495
13256
13308
3460
5909
6645
14343
9807
11701
14421
13233
6773
4693
5931
6768
4683
12851
6778
4726
14766
9550
5031
14621
3069
4762
9392
9683
12455
14820
10829
3748
1344
7077
7878
6771
11716
3753
6517
6128
10564
5871
6829
1643
13887
648
623
14413
15058
8140
7814
12800
12742
13307
7769
9787
3094
12940
11327
985
12495
13017
13287
5193
12784
12814
10231
11397
5166
6104
9320
9442
14718
392
5731
8342
4871
4895
3355
4987
4806
6819
5544
14312
5496
9572
12979
12701
13575
12475
1061
4968
6526
11361
992
14403
4758
8793
5967
14750
9127
5165
2302
6928
11717
1662
5475
3763
14624
11117
7
8744
10121
9284
13473
276
12988
11109
4475
1627
12619
13293
4170
4281
12019
12908
12028
1616
9983
4939
12300
5054
361
5878
5853
2378
621
4730
11630
12779
13966
7410
5719
11892
3494
11520
14909
9018
3223
11160
12652
12024
9854
13697
9001
6462
7418
14827
6863
8603
7031
11754
6888
8493
8545
8119
2024
13898
3720
7133
7707
1161
4087
3625
4746
1659
7211
8815
4547
11356
10834
13000
12831
8288
13463
7648
10524
4534
4097
14374
8494
4433
8739
11752
5025
2714
10228
13250
4285
3036
7294
3353
13164
1896
13923
7823
6949
4739
8995
2117
14376
9039
6234
3542
613
2211
11714
14
7642
10515
15051
14399
2102
11848
8873
2897
14806
10283
10910
2887
497
668
12484
13048
5196
4741
12537
14634
13038
8445
10084
8003
6586
2770
8586
4751
15025
11153
232
4914
9989
9409
3663
4722
6776
6350
7851
6050
7437
10903
2805
8339
11325
12958
11998
4779
12260
9655
13492
6770
4686
15047
10762
4212
3966
8546
13356
13226
10606
8661
6443
1740
10740
14179
7875
10060
3019
13055
7843
7072
12569
8872
7578
4703
3770
9436
11229
3597
14407
1666
8632
4050
10950
10305
11276
2751
11850
7657
8579
13243
13349
12607
4244
2635
13337
9371
14189
8483
12379
10388
2583
7632
14221
8958
4290
15052
2347
9530
9192
13377
14508
8114
5018
5816
8396
7451
7223
5824
13074
2153
1017
14741
3171
8801
3408
14829
2204
6916
2049
14083
11900
9262
6806
13940
3979
4754
3733
12218
13372
13075
7409
9364
7440
8216
1327
13181
6305
5572
13743
6500
5593
14755
14922
14201
6056
1394
11465
9425
11391
13249
5161
10833
4178
614
12248
10749
5160
12383
2215
71
14380
2777
7124
4444
14942
4088
14906
2732
10980
10538
512
3122
10183
487
4550
11411
15101
14418
4696
11674
6705
4728
12630
12443
10451
11102
2365
2041
11756
4749
9878
14254
583
13253
12528
15049
15100
4891
2609
11138
4757
10600
8259
7265
4246
7539
8600
3615
11386
2013
8099
1441
12604
7845
14420
7639
8677
3180
539
5915
7777
13764
3902
4699
8255
5159
6891
11755
10656
6991
9043
8095
11161
8928
4731
5821
14038
4446
1543
14190
7417
11937
3365
4360
10382
6785
8980
12812
4273
7911
10025
8421
9067
13116
14308
2440
13305
13155
13359
10827
8914
8550
7137
14610
11290
8756
7920
13068
4242
7045
237
8403
4782
12627
4797
11858
5584
10438
8386
2400
14303
4169
10891
10932
9844
14093
9419
7892
7262
12568
5479
1103
7757
11177
5862
4059
9899
9334
5352
9999
8865
8863
8864
12616
13198
9421
11816
8799
9784
2214
11886
14856
7519
2799
7550
9242
2205
7428
6963
14276
7700
3642
934
4365
12741
11969
12763
2856
5217
9708
6166
5659
14742
9376
13654
3742
10897
15104
7758
11347
2092
14522
15111
